0.031415926535897934 -0.035535994495628255 -1.8848389368044454
0.0942477796076938 -0.03127154567003761 -1.6880962111660942
0.15707963267948966 -0.02739654889334491 -1.5254022036455386
0.21991148575128555 -0.023993776128070132 -1.3907474612400053
0.2827433388230814 -0.021067236048782283 -1.278663761268516
0.3455751918948773 -0.018577461064554688 -1.1845396107694224
0.4084070449666731 -0.016467595762903305 -1.1046577410396987
0.471238898038469 -0.014678605462111582 -1.0360971343525183
0.5340707511102649 -0.013156520032118967 -0.9765916002849055
0.5969026041820609 -0.011855000763901865 -0.9243909523005682
0.6597344572538566 -0.010735555535068466 -0.8781424770578925
0.7225663103256524 -0.009766752907476113 -0.8367962674912697
0.7853981633974484 -0.008923127338864675 -0.7995321925086338
0.8482300164692443 -0.008184092009724473 -0.7657045590900065
0.9110618695410401 -0.007532982239508585 -0.7348005316044767
0.9738937226128359 -0.006956260840647708 -0.7064089736482291
1.0367255756846319 -0.006442877580928164 -0.6801970827156376
1.0995574287564276 -0.005983761049232794 -0.6558928176234485
1.1623892818282238 -0.005571418722923138 -0.633271625665567
1.2252211349000195 -0.005199623127991805 -0.6121463651722976
1.2880529879718152 -0.00486316551943148 -0.5923596096284336
1.3508848410436112 -0.004557662130120239 -0.573777733773129
1.4137166941154071 -0.004279401228067053 -0.5562863392033208
1.4765485471872029 -0.004025221849493483 -0.5397866919654248
1.5393804002589988 -0.003792417162468315 -0.5241929287998529
1.6022122533307945 -0.003578657040896622 -0.5094298504752816
1.6650441064025907 -0.0033819256798845606 -0.49543116612035387
1.7278759594743864 -0.003200471041140393 -0.4821380860554236
1.7907078125461822 -0.0030327636483233273 -0.4694981855485374
1.8535396656179781 -0.002877462810316023 -0.45746448048622185
