      -4.000000000000       0.010000000000  -0.264116950105E+00  -0.824360246962E-03
      -3.919191919192       0.010000000000  -0.270310628078E+00  -0.891880986174E-03
      -3.838383838384       0.010000000000  -0.276827951869E+00  -0.970240864756E-03
      -3.757575757576       0.010000000000  -0.283697312153E+00  -0.106177724125E-02
      -3.676767676768       0.010000000000  -0.290950798410E+00  -0.116943518102E-02
      -3.595959595960       0.010000000000  -0.298624865048E+00  -0.129695583298E-02
      -3.515151515152       0.010000000000  -0.306761155861E+00  -0.144913557207E-02
      -3.434343434343       0.010000000000  -0.315407534663E+00  -0.163218878897E-02
      -3.353535353535       0.010000000000  -0.324619387169E+00  -0.185426621766E-02
      -3.272727272727       0.010000000000  -0.334461282944E+00  -0.212621310438E-02
      -3.191919191919       0.010000000000  -0.345009117518E+00  -0.246270836285E-02
      -3.111111111111       0.010000000000  -0.356352891556E+00  -0.288402810475E-02
      -3.030303030303       0.010000000000  -0.368600312816E+00  -0.341886429257E-02
      -2.949494949495       0.010000000000  -0.381881377612E+00  -0.410897416936E-02
      -2.868686868687       0.010000000000  -0.396353845643E+00  -0.501705525630E-02
      -2.787878787879       0.010000000000  -0.412208621311E+00  -0.624024874862E-02
      -2.707070707071       0.010000000000  -0.429671372799E+00  -0.793282562790E-02
      -2.626262626263       0.010000000000  -0.448990082239E+00  -0.103407441476E-01
      -2.545454545455       0.010000000000  -0.470386793813E+00  -0.138392968833E-01
      -2.464646464646       0.010000000000  -0.493952747323E+00  -0.189246452199E-01
      -2.383838383838       0.010000000000  -0.519550426383E+00  -0.260560263352E-01
      -2.303030303030       0.010000000000  -0.546978831730E+00  -0.353748174812E-01
      -2.222222222222       0.010000000000  -0.576495863757E+00  -0.467697383959E-01
      -2.141414141414       0.010000000000  -0.609021228636E+00  -0.605606719777E-01
      -2.060606060606       0.010000000000  -0.645606242944E+00  -0.780354103204E-01
      -1.979797979798       0.010000000000  -0.686843056719E+00  -0.101420863586E+00
      -1.898989898990       0.010000000000  -0.732503378547E+00  -0.133783429489E+00
      -1.818181818182       0.010000000000  -0.780991511603E+00  -0.179043531364E+00
      -1.737373737374       0.010000000000  -0.828263430167E+00  -0.241683650945E+00
      -1.656565656566       0.010000000000  -0.866333668896E+00  -0.325291253181E+00
      -1.575757575758       0.010000000000  -0.882649025471E+00  -0.428906868193E+00
      -1.494949494949       0.010000000000  -0.863507602103E+00  -0.541772086666E+00
      -1.414141414141       0.010000000000  -0.803768665948E+00  -0.642097591617E+00
      -1.333333333333       0.010000000000  -0.715839072906E+00  -0.707229609205E+00
      -1.252525252525       0.010000000000  -0.624561701895E+00  -0.728955390807E+00
      -1.171717171717       0.010000000000  -0.551308933242E+00  -0.716294065965E+00
      -1.090909090909       0.010000000000  -0.505328515294E+00  -0.684986950438E+00
      -1.010101010101       0.010000000000  -0.486719718402E+00  -0.648057069706E+00
      -0.929292929293       0.010000000000  -0.492529049103E+00  -0.613505637074E+00
      -0.848484848485       0.010000000000  -0.520548587736E+00  -0.586096140807E+00
      -0.767676767677       0.010000000000  -0.570567389616E+00  -0.569994634894E+00
      -0.686868686869       0.010000000000  -0.644142427267E+00  -0.571056508047E+00
      -0.606060606061       0.010000000000  -0.744480016995E+00  -0.598747655791E+00
      -0.525252525253       0.010000000000  -0.878355637913E+00  -0.673827340422E+00
      -0.444444444444       0.010000000000  -0.103070448853E+01  -0.854938386904E+00
      -0.363636363636       0.010000000000  -0.108231365693E+01  -0.116805285753E+01
      -0.282828282828       0.010000000000  -0.963963040033E+00  -0.148431258901E+01
      -0.202020202020       0.010000000000  -0.742461940908E+00  -0.172091832979E+01
      -0.121212121212       0.010000000000  -0.473673422781E+00  -0.187304344203E+01
      -0.040404040404       0.010000000000  -0.184516301217E+00  -0.194921571162E+01
       0.040404040404       0.010000000000   0.110469401324E+00  -0.195497751644E+01
       0.121212121212       0.010000000000   0.400135796118E+00  -0.189097242564E+01
       0.202020202020       0.010000000000   0.670763912275E+00  -0.175308791632E+01
       0.282828282828       0.010000000000   0.898151936741E+00  -0.153435999417E+01
       0.363636363636       0.010000000000   0.103388182819E+01  -0.123811995691E+01
       0.444444444444       0.010000000000   0.101512109539E+01  -0.929796434080E+00
       0.525252525253       0.010000000000   0.883695237085E+00  -0.730524242510E+00
       0.606060606061       0.010000000000   0.753660387261E+00  -0.640106031890E+00
       0.686868686869       0.010000000000   0.653325385151E+00  -0.603303235643E+00
       0.767676767677       0.010000000000   0.578814280091E+00  -0.596183477004E+00
       0.848484848485       0.010000000000   0.527516207840E+00  -0.608235520301E+00
       0.929292929293       0.010000000000   0.498329312377E+00  -0.632955806764E+00
       1.010101010101       0.010000000000   0.491591818787E+00  -0.665567536252E+00
       1.090909090909       0.010000000000   0.509279971666E+00  -0.700912496502E+00
       1.171717171717       0.010000000000   0.553927322172E+00  -0.731055388369E+00
       1.252525252525       0.010000000000   0.625299035875E+00  -0.743659993002E+00
       1.333333333333       0.010000000000   0.715037918440E+00  -0.723859434860E+00
       1.414141414141       0.010000000000   0.803682255799E+00  -0.662295067502E+00
       1.494949494949       0.010000000000   0.867423573365E+00  -0.564847844583E+00
       1.575757575758       0.010000000000   0.892340334078E+00  -0.451799737511E+00
       1.656565656566       0.010000000000   0.880948438581E+00  -0.344803334884E+00
       1.737373737374       0.010000000000   0.845490838855E+00  -0.256172022803E+00
       1.818181818182       0.010000000000   0.798520783453E+00  -0.188422161055E+00
       1.898989898990       0.010000000000   0.748633136302E+00  -0.138830742616E+00
       1.979797979798       0.010000000000   0.700466477019E+00  -0.103252746007E+00
       2.060606060606       0.010000000000   0.656032860732E+00  -0.779178657114E-01
       2.141414141414       0.010000000000   0.615896927684E+00  -0.599436300807E-01
       2.222222222222       0.010000000000   0.579890815520E+00  -0.473431287505E-01
       2.303030303030       0.010000000000   0.547370012220E+00  -0.389886169902E-01
       2.383838383838       0.010000000000   0.516321314849E+00  -0.349160620458E-01
       2.464646464646       0.010000000000   0.474174094134E+00  -0.260196803830E-01
       2.545454545455       0.010000000000   0.466259488103E+00  -0.750063857867E-02
       2.626262626263       0.010000000000   0.449643733362E+00  -0.828558830764E-02
       2.707070707071       0.010000000000   0.431720538545E+00  -0.760053708018E-02
       2.787878787879       0.010000000000   0.414908392273E+00  -0.660131457888E-02
       2.868686868687       0.010000000000   0.399381470658E+00  -0.563969303039E-02
       2.949494949495       0.010000000000   0.385056203935E+00  -0.479946083301E-02
       3.030303030303       0.010000000000   0.371812954201E+00  -0.408952686090E-02
       3.111111111111       0.010000000000   0.359535917099E+00  -0.349734263014E-02
       3.191919191919       0.010000000000   0.348121320628E+00  -0.300548300241E-02
       3.272727272727       0.010000000000   0.337478253261E+00  -0.259703578592E-02
       3.353535353535       0.010000000000   0.327527588081E+00  -0.225721375012E-02
       3.434343434343       0.010000000000   0.318200494112E+00  -0.197362862704E-02
       3.515151515152       0.010000000000   0.309436980488E+00  -0.173610344699E-02
       3.595959595960       0.010000000000   0.301184601285E+00  -0.153635302457E-02
       3.676767676768       0.010000000000   0.293397343978E+00  -0.136765666587E-02
       3.757575757576       0.010000000000   0.286034689672E+00  -0.122456621604E-02
       3.838383838384       0.010000000000   0.279060823190E+00  -0.110266032319E-02
       3.919191919192       0.010000000000   0.272443970053E+00  -0.998343372616E-03
       4.000000000000       0.010000000000   0.266155839433E+00  -0.908683339819E-03
