0.031415926535897934 -0.035535994495628255 -1.8848389368044454
0.0942477796076938 -0.03127154567003761 -1.6880962111660942
0.15707963267948966 -0.02739654889334491 -1.5254022036455386
0.21991148575128555 -0.023993776128070132 -1.3907474612400053
0.2827433388230814 -0.021067236048782283 -1.278663761268516
0.3455751918948773 -0.018577461064554688 -1.1845396107694224
0.4084070449666731 -0.016467595762903305 -1.1046577410396987
0.471238898038469 -0.014678605462111582 -1.0360971343525183
0.5340707511102649 -0.013156520032118967 -0.9765916002849055
0.5969026041820609 -0.011855000763901865 -0.9243909523005682
0.6597344572538566 -0.010735555535068466 -0.8781424770578925
0.7225663103256524 -0.009766752907476113 -0.8367962674912697
0.7853981633974484 -0.008923127338864675 -0.7995321925086338
0.8482300164692443 -0.008184092009724473 -0.7657045590900065
0.9110618695410401 -0.007532982239508585 -0.7348005316044767
0.9738937226128359 -0.006956260840647708 -0.7064089736482291
1.0367255756846319 -0.006442877580928164 -0.6801970827156376
1.0995574287564276 -0.005983761049232794 -0.6558928176234485
1.1623892818282238 -0.005571418722923138 -0.633271625665567
1.2252211349000195 -0.005199623127991805 -0.6121463651722976
1.2880529879718152 -0.00486316551943148 -0.5923596096284336
1.3508848410436112 -0.004557662130120239 -0.573777733773129
1.4137166941154071 -0.004279401228067053 -0.5562863392033208
1.4765485471872029 -0.004025221849493483 -0.5397866919654248
1.5393804002589988 -0.003792417162468315 -0.5241929287998529
1.6022122533307945 -0.003578657040896622 -0.5094298504752816
1.6650441064025907 -0.0033819256798845606 -0.49543116612035387
1.7278759594743864 -0.003200471041140393 -0.4821380860554236
1.7907078125461822 -0.0030327636483233273 -0.4694981855485374
1.8535396656179781 -0.002877462810316023 -0.45746448048622185
1.916371518689774 -0.002733388776997624 -0.44599466984242037
1.9792033717615698 -0.0025994996588222805 -0.435050510271084
2.0420352248333655 -0.00247487219257301 -0.4245972960321901
2.1048670779051615 -0.002358685629265734 -0.41460342344114426
2.1676989309769574 -0.0022502081700713824 -0.40504002358848146
2.2305307840487534 -0.0021487854926658463 -0.395880650565397
2.2933626371205498 -0.0020538310014328607 -0.38710101511400713
2.356194490192345 -0.0019648175063589225 -0.37867875569505055
2.419026343264141 -0.0018812700917779724 -0.3705932405762472
2.4818581963359367 -0.0018027599806664115 -0.362825395801297
2.5446900494077327 -0.0017288992357460118 -0.3553575548851881
2.6075219024795286 -0.0016593361669763496 -0.34817332685835295
2.6703537555513246 -0.0015937513378572194 -0.3412574798976981
2.73318560862312 -0.0015318540813579003 -0.3345958382726385
2.796017461694916 -0.001473379451239321 -0.3281751907265775
2.858849314766712 -0.0014180855466793163 -0.3219832087299552
2.921681167838508 -0.001365751158101881 -0.31600837329634884
2.984513020910304 -0.00131617369027424 -0.31023990926076334
3.0473448739820994 -0.0012691673255076838 -0.3046677260890199
3.1101767270538954 -0.001224561395405116 -0.29928236442666495
3.1730085801256913 -0.0011821989342504786 -0.29407494771108394
3.2358404331974877 -0.0011419353910532843 -0.28903713826621624
3.2986722862692837 -0.0011036374805130247 -0.2841610973791571
3.3615041393410787 -0.0010671821559370103 -0.27943944892494177
3.4243359924128747 -0.00103245568945939 -0.2748652461622965
3.4871678454846706 -0.0009993528468854164 -0.27043194137097737
3.5499996985564666 -0.0009677761461670196 -0.2661333580420248
3.6128315516282625 -0.0009376351899376833 -0.2619636653670495
3.6756634047000585 -0.0009088460637628154 -0.25791735480252065
3.7384952577718544 -0.0008813307928126856 -0.25398921851076284
3.80132711084365 -0.0008550168505668184 -0.25017432950163015
3.864158963915446 -0.0008298367139411498 -0.24646802331816328
3.926990816987242 -0.0008057274598977583 -0.24286588112638638
3.989822670059038 -0.0007826303991916838 -0.23936371408414076
4.052654523130833 -0.0007604907434060424 -0.23595754887678005
4.11548637620263 -0.0007392573018785358 -0.23264361431893346
4.178318229274425 -0.0007188822055008297 -0.22941832893158437
4.241150082346221 -0.000699320654719981 -0.22627828941259967
4.303981935418017 -0.0006805306893554783 -0.22322025992673045
4.366813788489813 -0.0006624729781138053 -0.22024116214811676
4.429645641561609 -0.0006451106259119772 -0.21733806599458294
4.492477494633405 -0.0006284089973121064 -0.21450818099859165
4.555309347705201 -0.0006123355545632972 -0.21174884826472706
4.618141200776996 -0.0005968597088906547 -0.20905753296806062
4.680973053848792 -0.0005819526838162708 -0.20643181735178182
4.743804906920588 -0.0005675873894223165 -0.20386939418610367
4.806636759992384 -0.0005537383065714265 -0.20136806065372184
4.869468613064179 -0.0005403813802028068 -0.1989257126300597
4.932300466135976 -0.0005274939209036281 -0.1965403393292003
4.995132319207771 -0.0005150545140363894 -0.194210018288827
5.057964172279568 -0.0005030429357744216 -0.19193291066968238
5.120796025351363 -0.000491440075452088 -0.18970725684705206
5.1836278784231595 -0.00048022786370179954 -0.187531372273584
5.246459731494955 -0.00046938920588951455 -0.185403643594406
5.3092915845667505 -0.0004589079204148523 -0.18332252499700083
5.372123437638547 -0.000448768681474323 -0.18128653477967063
5.4349552907103424 -0.0004389569659247873 -0.17929425212367037
5.49778714378214 -0.0004294590039224174 -0.17734431405523418
5.560618996853934 -0.0004202617330281818 -0.17543541258476106
5.62345084992573 -0.00041135275551629463 -0.17356629201138699
5.686282702997526 -0.0004027202986256098 -0.17173574638204517
5.749114556069322 -0.0003943531775324479 -0.16994261709492273
5.811946409141118 -0.0003862407608335924 -0.16818579063795772
5.874778262212914 -0.00037837293834777137 -0.16646419645370505
5.937610115284709 -0.0003707400910624847 -0.16477680492251812
6.000441968356506 -0.0003633330630637396 -0.16312262545657127
6.063273821428301 -0.0003561431353034055 -0.16150070469777578
6.1261056745000975 -0.00034916200106800357 -0.15991012481313086
6.188937527571893 -0.0003423817430256312 -0.15835000188149978
6.2517693806436885 -0.00033579481173671516 -0.15681948436621668
6.314601233715485 -0.0003293940055236185 -0.15531775166831446
6.37743308678728 -0.00032317245160215643 -0.1538440127555163
6.440264939859078 -0.00031712358838775106 -0.1523975048624619
6.503096792930873 -0.00031124114889140216 -0.15097749225794468
6.565928646002669 -0.0003055191451326615 -0.14958326507521305
6.628760499074464 -0.0002999518534978278 -0.1482141382016535
6.69159235214626 -0.00029453380097960196 -0.14686945022441053
6.754424205218056 -0.0002892597522382061 -0.14554856242872521
6.817256058289852 -0.0002841246974290823 -0.14425085784597982
6.880087911361647 -0.00027912384074631 -0.14297574034863003
6.9429197644334435 -0.0002742525896337241 -0.14172263378938463
7.005751617505239 -0.0002695065446201519 -0.14049098118216055
7.068583470577035 -0.00026488148973876616 -0.13928024392249305
7.131415323648831 -0.00026037338349180265 -0.13808990104523042
7.194247176720627 -0.00025597835032674105 -0.1369194485174704
7.257079029792423 -0.00025169267259012913 -0.1357683985648264
7.319910882864218 -0.00024751278293029056 -0.13463627902922432
7.382742735936015 -0.00024343525711938485 -0.1335226327565422
7.445574589007811 -0.0002394568072696824 -0.13242701701250426
7.5084064420796075 -0.00023557427541955845 -0.13134900292533777
7.571238295151402 -0.0002317846274657293 -0.13028817495378767
7.634070148223198 -0.00022808494742211223 -0.1292441303791683
7.696902001294994 -0.00022447243198375817 -0.12821647882020784
7.7597338543667895 -0.0002209443853788377 -0.1272048417695138
7.822565707438586 -0.000217498214491508 -0.12620885215055525
7.885397560510381 -0.0002141314242384395 -0.12522815389412112
7.948229413582177 -0.00021084161318546974 -0.12426240153327349
8.011061266653973 -0.0002076264693896661 -0.12331125981586927
8.073893119725769 -0.00020448376645334904 -0.12237440333377717
8.136724972797564 -0.0002014113597791079 -0.12145151616796449
8.199556825869362 -0.00019840718301279936 -0.12054229154867498
8.262388678941157 -0.00019546924466490884 -0.11964643152996138
8.325220532012953 -0.0001925956248998301 -0.11876364667787709
8.388052385084748 -0.0001897844724840033 -0.11789365577166909
8.450884238156544 -0.00018703400188288413 -0.11703618551734993
8.513716091228341 -0.00018434249050030462 -0.11619097027305972
8.576547944300136 -0.00018170827605072922 -0.11535775178566209
8.639379797371932 -0.00017912975405846412 -0.11453627893804462
8.702211650443727 -0.00017660537547588485 -0.11372630750662617
8.765043503515523 -0.00017413364441511468 -0.112927599928596
8.82787535658732 -0.0001717131159859263 -0.11213992507843706
8.890707209659116 -0.00016934239423604 -0.11136305805330748
8.953539062730913 -0.00016702013018655463 -0.11059677996687649
9.016370915802709 -0.0001647450199581931 -0.10984087775123327
9.079202768874504 -0.00016251580298441546 -0.1090951439665038
9.1420346219463 -0.00016033126030547162 -0.10835937661783207
9.204866475018095 -0.000158190212940175 -0.10763337897939768
9.26769832808989 -0.0001560915203311356 -0.10691695942515901
9.330530181161686 -0.00015403407885983804 -0.10620993126602576
9.393362034233482 -0.00015201682042761171 -0.10551211259318118
9.456193887305279 -0.00015003871109985894 -0.1048233261272853
9.519025740377074 -0.00014809874980942228 -0.10414339907330666
9.58185759344887 -0.00014619596711751913 -0.10347216298073963
9.644689446520665 -0.0001443294240277709 -0.10280945360897827
9.707521299592461 -0.000142498210852074 -0.10215511079762742
9.770353152664258 -0.00014070144612494457 -0.10150897834154257
9.833185005736054 -0.00013893827556429132 -0.10087090387040032
9.89601685880785 -0.0001372078710767359 -0.10024073873261001
9.958848711879645 -0.00013550942980424912 -0.09961833788338655
10.02168056495144 -0.0001338421732115574 -0.09900355977681262
10.084512418023238 -0.00013220534621116093 -0.0983962662617267
10.147344271095033 -0.0001305982163247625 -0.09779632248128013
10.210176124166829 -0.00012902007287971865 -0.09720359677601512
10.273007977238624 -0.00012747022623791393 -0.09661796059032085
10.33583983031042 -0.00012594800705639577 -0.09603928838213249
10.398671683382217 -0.00012445276557827525 -0.09546745753574289
10.461503536454012 -0.00012298387095144924 -0.09490234827760456
10.524335389525808 -0.00012154071057579156 -0.09434384359500216
10.587167242597603 -0.00012012268947539354 -0.09379182915748413
10.649999095669399 -0.00011872922969636511 -0.09324619324094453
10.712830948741196 -0.00011735976972828507 -0.09270682665425276
10.775662801812992 -0.00011601376394783808 -0.09217362266833228
10.838494654884787 -0.00011469068208530191 -0.09164647694759355
10.901326507956584 -0.00011339000871065115 -0.09112528748363251
10.96415836102838 -0.00011211124273998363 -0.09060995453110637
11.026990214100177 -0.0001108538969613179 -0.0901003805457062
11.089822067171971 -0.00010961749757734534 -0.0895964701241453
11.152653920243766 -0.00010840158376733645 -0.08909812994608966
11.215485773315562 -0.00010720570726384404 -0.08860526871795646
11.278317626387357 -0.0001060294319463384 -0.08811779711851228
11.341149479459155 -0.00010487233345010414 -0.08763562774620406
11.40398133253095 -0.00010373399878901836 -0.08715867506815925
11.466813185602746 -0.00010261402599301939 -0.08668685537079375
11.529645038674541 -0.00010151202375872196 -0.0862200867119704
11.592476891746337 -0.00010042761111255567 -0.08575828887464962
11.655308744818134 -9.936041708653166e-05 -0.08530138332198092
11.71814059788993 -9.831008040566804e-05 -0.08484929315378191
11.780972450961725 -9.727624918673671e-05 -0.0844019430643557
11.84380430403352 -9.625858064788027e-05 -0.08395925930159963
11.906636157105316 -9.525674082845267e-05 -0.08352116962735924
11.969468010177113 -9.427040431890982e-05 -0.08308760327898372
12.032299863248909 -9.329925400045912e-05 -0.08265849093204115
12.095131716320704 -9.23429807935957e-05 -0.08223376466415244
12.1579635693925 -9.140128341566144e-05 -0.081813357919906
12.220795422464297 -9.047386814669933e-05 -0.08139720547681527
12.283627275536093 -8.95604486035497e-05 -0.08098524341228354
12.346459128607888 -8.866074552190453e-05 -0.0805774090715415
12.409290981679684 -8.777448654530218e-05 -0.08017364103652477
12.47212283475148 -8.690140602230055e-05 -0.07977387909565872
12.534954687823276 -8.604124480950696e-05 -0.07937806421452137
12.597786540895072 -8.519375008194848e-05 -0.07898613850735355
12.660618393966868 -8.435867514981983e-05 -0.07859804520938879
12.723450247038663 -8.353577928091449e-05 -0.07821372864997561
12.786282100110459 -8.272482752975768e-05 -0.07783313422646568
12.849113953182258 -8.192559057156734e-05 -0.07745620837884278
12.911945806254053 -8.11378445423475e-05 -0.07708289856506885
12.974777659325849 -8.03613708841347e-05 -0.07671315323712231
13.037609512397644 -7.959595619503655e-05 -0.07634692181770766
13.10044136546944 -7.88413920845387e-05 -0.0759841546776138
13.163273218541235 -7.809747503321171e-05 -0.07562480311370025
13.22610507161303 -7.736400625727394e-05 -0.07526881932749144
13.288936924684826 -7.664079157710622e-05 -0.07491615640435924
13.351768777756622 -7.592764129053765e-05 -0.07456676829327552
13.414600630828417 -7.522437004960546e-05 -0.0742206097871162
13.477432483900214 -7.453079674166465e-05 -0.07387763650349961
13.54026433697201 -7.3846744373985e-05 -0.07353780486614277
13.603096190043805 -7.317203996222252e-05 -0.07320107208671842
13.665928043115601 -7.250651442213225e-05 -0.07286739614719877
13.728759896187396 -7.185000246502298e-05 -0.07253673578266898
13.791591749259194 -7.120234249595323e-05 -0.07220905046459766
13.85442360233099 -7.056337651556937e-05 -0.07188430038454924
13.917255455402785 -6.993295002473906e-05 -0.07156244643832502
13.98008730847458 -6.931091193221091e-05 -0.07124345021052007
14.042919161546376 -6.869711446483416e-05 -0.0709272739594829
14.105751014618173 -6.809141308098398e-05 -0.07061388060266624
14.168582867689969 -6.74936663862147e-05 -0.07030323370235678
14.231414720761764 -6.690373605148782e-05 -0.06999529745177267
14.29424657383356 -6.632148673418446e-05 -0.06969003666151795
14.357078426905355 -6.574678600109273e-05 -0.0693874167463829
14.419910279977152 -6.517950425398601e-05 -0.06908740371248062
14.482742133048948 -6.461951465701549e-05 -0.06878996414470959
14.545573986120743 -6.406669306699822e-05 -0.06849506519453259
14.608405839192539 -6.352091796481126e-05 -0.06820267456806298
14.671237692264334 -6.298207038952196e-05 -0.06791276051444915
14.734069545336132 -6.245003387412277e-05 -0.06762529181454885
14.796901398407929 -6.192469438314078e-05 -0.06734023776988458
14.859733251479724 -6.140594025223748e-05 -0.06705756819187234
14.92256510455152 -6.089366212925975e-05 -0.06677725339131546
14.985396957623315 -6.0387752917422395e-05 -0.06649926416815682
15.048228810695113 -5.988810771950937e-05 -0.06622357180148082
15.111060663766906 -5.939462378421775e-05 -0.06595014803975935
15.173892516838702 -5.890720045382583e-05 -0.06567896509133382
15.236724369910498 -5.842573911318117e-05 -0.06540999561512757
15.299556222982293 -5.7950143140373285e-05 -0.06514321271158109
15.36238807605409 -5.7480317858726954e-05 -0.06487858991380523
15.425219929125886 -5.7016170489909446e-05 -0.06461610117894488
15.488051782197681 -5.655761010877612e-05 -0.06435572087974858
15.550883635269477 -5.610454759906502e-05 -0.06409742379633733
15.613715488341272 -5.565689561051834e-05 -0.0638411851081682
15.67654734141307 -5.5214568517167774e-05 -0.06358698038618626
15.739379194484865 -5.4777482376616726e-05 -0.06333478558516073
15.80221104755666 -5.434555489075306e-05 -0.06308457703619962
15.865042900628456 -5.391870536718194e-05 -0.06283633143943844
15.927874753700252 -5.349685468182427e-05 -0.0625900258568983
15.990706606772049 -5.307992524269491e-05 -0.06234563770550848
16.053538459843843 -5.266784095447175e-05 -0.06210314475028963
16.11637031291564 -5.226052718394455e-05 -0.06186252509769245
16.179202165987437 -5.1857910726545164e-05 -0.06162375718908924
16.242034019059233 -5.1459919773855376e-05 -0.06138681979441237
16.30486587213103 -5.106648388163993e-05 -0.06115169200593736
16.367697725202824 -5.067753393908251e-05 -0.06091835323220605
16.43052957827462 -5.02930021385453e-05 -0.06068678319208611
16.493361431346415 -4.991282194633532e-05 -0.06045696190896401
16.55619328441821 -4.9536928074117395e-05 -0.06022886970506705
16.619025137490006 -4.916525645109526e-05 -0.06000248719591187
16.6818569905618 -4.879774419689308e-05 -0.059777795284875965
16.7446888436336 -4.843432959523388e-05 -0.059554775157888803
16.807520696705396 -4.807495206811218e-05 -0.05933340827823972
16.87035254977719 -4.7719552150845006e-05 -0.05911367638149978
16.933184402848987 -4.736807146757603e-05 -0.05889556147055418
16.996016255920782 -4.7020452707554746e-05 -0.05867904581074292
17.058848108992578 -4.667663960188156e-05 -0.058464111925106796
17.121679962064373 -4.633657690090899e-05 -0.058250742589736004
17.18451181513617 -4.600021035223212e-05 -0.05803892082921899
17.247343668207964 -4.566748667919218e-05 -0.05782862991218869
17.31017552127976 -4.533835355992596e-05 -0.05761985334696422
17.37300737435156 -4.501275960695762e-05 -0.057412574877285245
17.435839227423354 -4.4690654347215125e-05 -0.057206778478136926
17.49867108049515 -4.4371988202699255e-05 -0.057002448351663175
17.561502933566945 -4.405671247150061e-05 -0.05679956892316601
17.62433478663874 -4.3744779309274366e-05 -0.0565981248371891
17.687166639710536 -4.3436141711310664e-05 -0.05639810095368302
17.749998492782332 -4.313075349481889e-05 -0.056199482344250894
17.81283034585413 -4.282856928187248e-05 -0.0560022542884717
17.875662198925927 -4.2529544482599434e-05 -0.05580640227030005
17.938494051997726 -4.223363527890041e-05 -0.05561191197454016
18.00132590506952 -4.19407986084212e-05 -0.055418769283392545
18.064157758141317 -4.16509921490724e-05 -0.055226960273071314
18.126989611213112 -4.1364174303801616e-05 -0.05503647121049085
18.189821464284904 -4.1080304185722455e-05 -0.0548472885500199
18.2526533173567 -4.0799341603734395e-05 -0.05465939893030158
18.315485170428495 -4.0521247048279566e-05 -0.05447278917113775
18.37831702350029 -4.0245981677592404e-05 -0.05428744627043627
18.441148876572086 -3.997350730422635e-05 -0.05410335740121962
18.50398072964388 -3.970378638188429e-05 -0.05392050990869346
18.56681258271568 -3.94367819925789e-05 -0.05373889130737373
18.629644435787476 -3.917245783399976e-05 -0.053558489278271046
18.69247628885927 -3.8910778207362576e-05 -0.05337929166613078
18.755308141931067 -3.865170800538028e-05 -0.053201286476727984
18.818139995002863 -3.8395212700518725e-05 -0.05302446187421542
18.88097184807466 -3.814125833362884e-05 -0.052848806178523895
18.943803701146454 -3.788981150272045e-05 -0.05267430786281337
19.00663555421825 -3.7640839352075676e-05 -0.05250095555097398
19.069467407290045 -3.739430956156099e-05 -0.05232873801517554
19.13229926036184 -3.7150190336205186e-05 -0.0521576441734648
19.19513111343364 -3.6908450396028815e-05 -0.05198766308740896
19.257962966505435 -3.666905896602899e-05 -0.05181878395978479
19.32079481957723 -3.643198576648178e-05 -0.051650996132312034
19.383626672649026 -3.6197201003423804e-05 -0.0514842890834304
19.44645852572082 -3.596467535933559e-05 -0.05131865242611875
19.509290378792617 -3.5734379984021394e-05 -0.05115407590575615
19.572122231864412 -3.5506286485742886e-05 -0.05099054939802316
19.634954084936208 -3.528036692247008e-05 -0.05082806290684317
19.697785938008003 -3.505659379345434e-05 -0.05066660656236232
19.7606177910798 -3.4834940030805386e-05 -0.050506170618967436
19.823449644151598 -3.4615378991429405e-05 -0.050346745453341314
19.886281497223393 -3.4397884448997475e-05 -0.050188321562554136
19.94911335029519 -3.4182430586226877e-05 -0.05003088956219051
20.011945203366984 -3.396899198719566e-05 -0.04987444018451138
20.07477705643878 -3.3757543629951414e-05 -0.04971896427664979
20.137608909510575 -3.3548060879165246e-05 -0.049564452798840176
20.20044076258237 -3.334051947900034e-05 -0.049410896822680156
20.263272615654166 -3.3134895546144245e-05 -0.04925828752942409
20.326104468725962 -3.293116556299991e-05 -0.04910661620830812
20.388936321797758 -3.272930637088801e-05 -0.048955874254905475
20.451768174869557 -3.2529295163667846e-05 -0.04880605316951199
20.514600027941352 -3.2331109481124266e-05 -0.04865714455556065
20.577431881013148 -3.2134727202914e-05 -0.04850914011806483
20.640263734084943 -3.1940126542228826e-05 -0.048362031662089744
20.70309558715674 -3.1747286039942315e-05 -0.048215811091251275
20.765927440228534 -3.155618455857133e-05 -0.04807047040624161
20.82875929330033 -3.136680127666159e-05 -0.047926001703381335
20.891591146372125 -3.11791156830252e-05 -0.04778239717319736
20.95442299944392 -3.0993107571289874e-05 -0.04763964909902597
21.017254852515716 -3.0808757034452026e-05 -0.04749774985564058
21.080086705587515 -3.0626044459581e-05 -0.04735669190790399
21.14291855865931 -3.044495052260731e-05 -0.04721646780944414
21.205750411731106 -3.026545618328871e-05 -0.047077070201353065
21.2685822648029 -3.0087542680201017e-05 -0.04693849181090882
21.331414117874697 -2.9911191525845834e-05 -0.046800725450319644
21.394245970946493 -2.973638450187993e-05 -0.0466637640154899
21.45707782401829 -2.9563103654439386e-05 -0.04652760048480743
21.519909677090084 -2.9391331289555173e-05 -0.04639222791795213
21.58274153016188 -2.9221049968636478e-05 -0.04625763945472476
21.645573383233675 -2.9052242504071724e-05 -0.04612382831389612
21.708405236305477 -2.888489195492153e-05 -0.04599078779207587
21.771237089377273 -2.871898162269264e-05 -0.045858511262600835
21.83406894244907 -2.8554495047165653e-05 -0.0457269921744421
21.896900795520864 -2.839141600233995e-05 -0.04559622405113077
21.95973264859266 -2.8229728492470144e-05 -0.045466200489702055
22.022564501664455 -2.8069416748132892e-05 -0.04533691515965713
22.08539635473625 -2.7910465222444236e-05 -0.045208361801942515
22.148228207808042 -2.7752858587202496e-05 -0.045080534227946535
22.211060060879838 -2.7596581729385255e-05 -0.044953426318512915
22.273891913951637 -2.7441619747351915e-05 -0.04482703202297046
22.336723767023432 -2.728795794741441e-05 -0.04470134535817944
22.399555620095228 -2.7135581840370308e-05 -0.044576360407593246
22.462387473167023 -2.6984477138056304e-05 -0.044452071320336115
22.52521932623882 -2.6834629750040145e-05 -0.0443284723102959
22.588051179310614 -2.668602578032855e-05 -0.04420555765523191
22.65088303238241 -2.653865152423124e-05 -0.04408332169589718
22.713714885454205 -2.6392493465076222e-05 -0.04396175883517555
22.776546738526 -2.6247538271256216e-05 -0.04384086353723259
22.839378591597796 -2.610377279316664e-05 -0.04372063032668048
22.902210444669596 -2.5961184060191734e-05 -0.043601053787756375
22.96504229774139 -2.5819759277796792e-05 -0.0434821285635144
23.027874150813187 -2.5679485824718927e-05 -0.0433638493550304
23.090706003884982 -2.5540351250143523e-05 -0.043246210920619726
23.153537856956778 -2.540234327094053e-05 -0.043129208075067565
23.216369710028573 -2.5265449768928684e-05 -0.04301283568887171
23.27920156310037 -2.5129658788307353e-05 -0.042897088687497364
23.342033416172164 -2.499495853302726e-05 -0.04278196205064382
23.40486526924396 -2.48613373641696e-05 -0.042667450811523115
23.467697122315755 -2.4728783797541472e-05 -0.04255355005614971
23.530528975387554 -2.459728650115955e-05 -0.042440254922641835
23.59336082845935 -2.4466834292846873e-05 -0.042327560600533706
23.656192681531145 -2.433741613784932e-05 -0.0422154623300985
23.71902453460294 -2.4209021146591244e-05 -0.042103955401682255
23.781856387674736 -2.4081638572291133e-05 -0.04199303515504785
23.84468824074653 -2.3955257808763067e-05 -0.04188269697872972
23.907520093818327 -2.3829868388246096e-05 -0.04177293630939817
23.970351946890123 -2.3705459979166536e-05 -0.04166374863123391
24.03318379996192 -2.3582022384118548e-05 -0.041555129475312196
24.096015653033714 -2.345954553771121e-05 -0.04144707441899653
24.158847506105513 -2.3338019504530287e-05 -0.04133957908534169
24.22167935917731 -2.3217434477167305e-05 -0.04123263914250597
24.284511212249104 -2.3097780774207697e-05 -0.04112625030317255
24.3473430653209 -2.2979048838337682e-05 -0.04102040832397967
24.410174918392695 -2.286122923439192e-05 -0.0409151090049594
24.47300677146449 -2.27443126475381e-05 -0.040810348188985233
24.535838624536286 -2.262828988135962e-05 -0.04070612176122795
24.59867047760808 -2.2513151856165046e-05 -0.040602425648619565
24.661502330679877 -2.2398889607192177e-05 -0.04049925581932578
24.724334183751672 -2.2285494282736785e-05 -0.04039660828222608
24.78716603682347 -2.217295714264444e-05 -0.04029447908640182
24.849997889895267 -2.2061269556448422e-05 -0.04019286432063197
24.912829742967062 -2.195042300189897e-05 -0.04009176011289637
24.975661596038858 -2.18404090631998e-05 -0.039991162629886556
25.038493449110653 -2.173121942944629e-05 -0.03989106807652368
25.10132530218245 -2.1622845893151024e-05 -0.03979147269548379
25.164157155254244 -2.151528034858484e-05 -0.03969237276673009
25.22698900832604 -2.1408514790321508e-05 -0.03959376460705208
25.289820861397835 -2.1302541311794847e-05 -0.039495644569611583
25.35265271446963 -2.1197352103731202e-05 -0.03939800904349544
25.41548456754143 -2.1092939452855404e-05 -0.039300854453274706
25.478316420613226 -2.098929574034026e-05 -0.039204177258570484
25.54114827368502 -2.088641344052874e-05 -0.03910797395362591
25.603980126756817 -2.0784285119527966e-05 -0.03901224106688452
25.666811979828616 -2.0682903433853375e-05 -0.03891697516057469
25.72964383290041 -2.0582261129158055e-05 -0.03882217283030024
25.792475685972207 -2.0482351038904672e-05 -0.03872783070463671
25.855307539044002 -2.038316608310195e-05 -0.038633945444733774
25.918139392115798 -2.0284699267066893e-05 -0.038540513743923185
25.980971245187597 -2.0186943680176123e-05 -0.03844753232733244
26.043803098259392 -2.008989249467287e-05 -0.03835499795150394
26.106634951331188 -1.9993538964462137e-05 -0.03826290740401973
26.169466804402983 -1.9897876423972203e-05 -0.03817125750313142
26.232298657474775 -1.9802898286959998e-05 -0.03808004509739549
26.29513051054657 -1.970859804543741e-05 -0.0379892670653138
26.357962363618366 -1.961496926851283e-05 -0.03789892031497912
26.42079421669016 -1.9522005601297882e-05 -0.03780900178372575
26.483626069761957 -1.942970076387452e-05 -0.037719508437785036
26.546457922833753 -1.9338048550196527e-05 -0.03763043727194572
26.609289775905552 -1.9247042827098056e-05 -0.037541785309219096
26.672121628977347 -1.915667753316861e-05 -0.037453549600508895
26.734953482049143 -1.9066946677884684e-05 -0.03736572722428569
26.79778533512094 -1.8977844340528915e-05 -0.037278315286265934
26.860617188192734 -1.8889364669218808e-05 -0.03719131091909542
26.92344904126453 -1.8801501880004784e-05 -0.0371047112820372
26.986280894336325 -1.87142502558537e-05 -0.03701851356066368
27.04911274740812 -1.8627604145785977e-05 -0.036932714966553204
27.111944600479916 -1.85415579639438e-05 -0.03684731273699062
27.17477645355171 -1.845610618864788e-05 -0.03676230413467206
27.23760830662351 -1.837124336158729e-05 -0.036677686447413746
27.300440159695306 -1.8286964086901746e-05 -0.03659345698786487
27.3632720127671 -1.8203263030344093e-05 -0.036509613093224244
27.426103865838897 -1.8120134918435872e-05 -0.036426152124960955
27.488935718910692 -1.8037574537639676e-05 -0.03634307146853875
27.551767571982488 -1.7955576733551206e-05 -0.0362603685331442
27.614599425054283 -1.7874136410062793e-05 -0.03617804075141852
27.67743127812608 -1.779324852860302e-05 -0.03609608557919302
27.740263131197874 -1.771290810739842e-05 -0.036014500495228176
27.80309498426967 -1.7633110220631764e-05 -0.03593328300095609
27.86592683734147 -1.7553849997703095e-05 -0.035852430620226576
27.928758690413265 -1.7475122622549035e-05 -0.03577194089905647
27.99159054348506 -1.7396923332869304e-05 -0.03569181140538248
28.054422396556856 -1.7319247419380636e-05 -0.03561203972881715
28.11725424962865 -1.7242090225156338e-05 -0.0355326234804082
28.180086102700447 -1.7165447144957002e-05 -0.035453560292401036
28.242917955772242 -1.7089313624446866e-05 -0.035374847818004325
28.305749808844038 -1.7013685159592898e-05 -0.035296483731158824
28.368581661915833 -1.693855729598678e-05 -0.03521846572630911
28.43141351498763 -1.6863925628192696e-05 -0.0351407915181784
28.494245368059428 -1.6789785799106006e-05 -0.03506345884154631
28.557077221131223 -1.6716133499266912e-05 -0.034986465451029534
28.61990907420302 -1.6642964466345425e-05 -0.03490980912086535
28.682740927274814 -1.657027448441092e-05 -0.03483348764469803
28.74557278034661 -1.6498059383394446e-05 -0.03475749883536793
28.808404633418405 -1.642631503846102e-05 -0.03468184052470344
28.8712364864902 -1.635503736945181e-05 -0.03460651056331556
28.934068339561996 -1.628422234028575e-05 -0.034531506820395075
28.99690019263379 -1.621386595839992e-05 -0.034456827183512534
29.059732045705587 -1.614396427414695e-05 -0.034382469558420586
29.122563898777386 -1.6074513380325283e-05 -0.034308431868858985
29.185395751849182 -1.6005509411542805e-05 -0.03423471205636218
29.248227604920977 -1.5936948543754428e-05 -0.034161308080069126
29.311059457992773 -1.5868826993648466e-05 -0.03408821791653572
29.37389131106457 -1.5801141018270276e-05 -0.03401543955954959
29.436723164136364 -1.5733886914353652e-05 -0.03394297101994719
29.49955501720816 -1.566706101788301e-05 -0.033870810325433265
29.56238687027996 -1.560065970362414e-05 -0.03379895552040255
29.625218723351754 -1.5534679384569056e-05 -0.03372740466576388
29.68805057642355 -1.5469116511517797e-05 -0.03365615583876624
29.75088242949535 -1.5403967572537745e-05 -0.03358520713282729
29.813714282567144 -1.5339229092560318e-05 -0.03351455665736382
29.87654613563894 -1.5274897632869137e-05 -0.033444202537624514
29.939377988710735 -1.521096979066802e-05 -0.03337414291452468
30.00220984178253 -1.5147442198621222e-05 -0.03330437594448312
30.065041694854326 -1.5084311524409465e-05 -0.03323489979926092
30.12787354792612 -1.5021574470323857e-05 -0.03316571266580243
30.190705400997913 -1.4959227772781857e-05 -0.03309681274607806
30.25353725406971 -1.4897268201956785e-05 -0.033028198256929035
30.316369107141508 -1.483569256134272e-05 -0.032959867429914164
30.379200960213304 -1.4774497687298638e-05 -0.032891818511158466
30.4420328132851 -1.4713680448723904e-05 -0.03282404976120354
30.504864666356895 -1.4653237746619965e-05 -0.03275655945485995
30.56769651942869 -1.4593166513672555e-05 -0.0326893458810613
30.630528372500486 -1.4533463713874936e-05 -0.03262240734272018
30.69336022557228 -1.4474126342194293e-05 -0.032555742156585736
30.756192078644077 -1.4415151424121889e-05 -0.03248934865310313
30.819023931715872 -1.4356536015357641e-05 -0.03242322517627465
30.881855784787668 -1.4298277201407298e-05 -0.032357370083522456
30.944687637859467 -1.4240372097238322e-05 -0.03229178174555301
31.007519490931262 -1.4182817846927333e-05 -0.03222645854622326
31.070351344003058 -1.4125611623269817e-05 -0.03216139888240824
31.133183197074853 -1.406875062751011e-05 -0.0320966011638704
31.19601505014665 -1.4012232088926285e-05 -0.03203206381313049
31.258846903218444 -1.3956053264520771e-05 -0.03196778526533997
31.32167875629024 -1.3900211438715312e-05 -0.03190376396815492
31.384510609362035 -1.3844703922976017e-05 -0.0318399983816115
31.44734246243383 -1.3789528055493672e-05 -0.0317764869780029
31.510174315505626 -1.3734681200925967e-05 -0.0317132282417577
31.573006168577425 -1.368016075002638e-05 -0.03165022066931978
31.63583802164922 -1.3625964119312883e-05 -0.03158746276902947
31.698669874721016 -1.357208875085161e-05 -0.03152495306100632
31.761501727792812 -1.351853211188283e-05 -0.03146269007703306
31.824333580864607 -1.3465291694548928e-05 -0.031400672360441126
31.887165433936403 -1.341236501555867e-05 -0.0313388984659973
31.9499972870082 -1.3359749616001017e-05 -0.03127736695979192
32.012829140079994 -1.330744306094302e-05 -0.031216076419128186
32.07566099315179 -1.3255442939231096e-05 -0.031155025432412928
32.138492846223585 -1.3203746863158247e-05 -0.03109421259904853
32.201324699295384 -1.3152352468245366e-05 -0.031033636529326204
32.264156552367176 -1.3101257412911272e-05 -0.03097329584432038
32.326988405438975 -1.3050459378269191e-05 -0.030913189175784495
32.38982025851077 -1.299995606780985e-05 -0.03085331516604787
32.452652111582566 -1.294974520717017e-05 -0.0307936724679137
32.515483964654365 -1.2899824543869708e-05 -0.030734259744558515
32.57831581772616 -1.2850191847070579e-05 -0.0306750756694324
32.641147670797956 -1.280084490731402e-05 -0.03061611892616073
32.70397952386975 -1.2751781536272214e-05 -0.030557388208446775
32.76681137694155 -1.2702999566529673e-05 -0.03049888221997553
32.82964323001334 -1.2654496851327272e-05 -0.030440599674318662
32.89247508308514 -1.2606271264322371e-05 -0.030382539294840468
32.95530693615693 -1.255832069934833e-05 -0.030324699814604977
33.01813878922873 -1.2510643070224035e-05 -0.030267079976283993
33.08097064230052 -1.2463236310491224e-05 -0.03020967853206639
33.14380249537232 -1.2416098373212133e-05 -0.030152494243568154
33.20663434844412 -1.2369227230708336e-05 -0.0300955258817437
33.26946620151591 -1.232262087441413e-05 -0.030038772226798054
33.33229805458771 -1.2276277314591106e-05 -0.029982232068099985
33.3951299076595 -1.2230194580170053e-05 -0.029925904204096264
33.4579617607313 -1.2184370718500708e-05 -0.029869787442226712
33.52079361380309 -1.2138803795149634e-05 -0.02981388059884037
33.58362546687489 -1.2093491893757752e-05 -0.029758182499112405
33.646457319946684 -1.2048433115739282e-05 -0.029702691976962174
33.70928917301848 -1.2003625580172227e-05 -0.029647407874971984
33.77212102609028 -1.1959067423520716e-05 -0.02959232904430692
33.834952879162074 -1.1914756799562135e-05 -0.029537454344635443
33.89778473223387 -1.1870691879046542e-05 -0.02948278264405092
33.960616585305665 -1.1826870849597737e-05 -0.02942831281899405
34.023448438377464 -1.1783291915545334e-05 -0.029374043754176085
34.086280291449256 -1.173995329767584e-05 -0.029319974342502927
34.149112144521055 -1.1696853233090554e-05 -0.029266103485000045
34.21194399759285 -1.1653989975033777e-05 -0.02921243009073828
34.274775850664646 -1.1611361792657054e-05 -0.02915895307676029
34.337607703736445 -1.1568966970956064e-05 -0.029105671368008047
34.40043955680824 -1.1526803810463078e-05 -0.02905258389725094
34.463271409880036 -1.1484870627201311e-05 -0.02899968960501467
34.52610326295183 -1.144316575242852e-05 -0.028946987439511032
34.58893511602363 -1.1401687532514493e-05 -0.028894476356568336
34.65176696909542 -1.1360434328776401e-05 -0.028842155319562697
34.71459882216722 -1.131940451725252e-05 -0.0287900232993499
34.77743067523901 -1.1278596488682785e-05 -0.028738079274198237
34.84026252831081 -1.1238008648221138e-05 -0.02868632222972182
34.9030943813826 -1.119763941531885e-05 -0.028634751158814812
34.9659262344544 -1.1157487223585441e-05 -0.028583365061586194
35.0287580875262 -1.1117550520644893e-05 -0.02853216294529539
35.09158994059799 -1.107782776794971e-05 -0.028481143824288502
35.15442179366979 -1.1038317440626731e-05 -0.02843030671993512
35.21725364674158 -1.0999018027420501e-05 -0.028379650660566087
35.28008549981338 -1.095992803046932e-05 -0.028329174681411603
35.34291735288517 -1.0921045965137273e-05 -0.028278877824540225
35.40574920595697 -1.0882370359942864e-05 -0.028228759138798395
35.468581059028764 -1.0843899756407329e-05 -0.02817881767975061
35.53141291210057 -1.0805632708868588e-05 -0.02812905250962029
35.59424476517237 -1.0767567784435183e-05 -0.028079462697231272
35.65707661824416 -1.072970356273422e-05 -0.02803004731794977
35.71990847131596 -1.0692038635843899e-05 -0.027980805453627116
35.78274032438775 -1.065457160822636e-05 -0.027931736192543088
35.84557217745955 -1.061730109648033e-05 -0.027882838629349652
35.908404030531344 -1.0580225729273966e-05 -0.027834111865015568
35.97123588360314 -1.0543344147214678e-05 -0.027785555006771323
36.034067736674935 -1.0506655002736168e-05 -0.027737167168054813
36.096899589746734 -1.0470156959940952e-05 -0.02768894746845745
36.159731442818526 -1.0433848694484515e-05 -0.02764089503367099
36.222563295890325 -1.0397728893510952e-05 -0.027593008995434716
36.28539514896212 -1.0361796255471778e-05 -0.027545288491483383
36.34822700203391 -1.0326049490021858e-05 -0.027497732665495475
36.41105885510571 -1.0290487317937685e-05 -0.02745034066704219
36.4738907081775 -1.0255108470934196e-05 -0.027403111651536867
36.5367225612493 -1.0219911691640664e-05 -0.027356044780184892
36.59955441432109 -1.0184895733430353e-05 -0.027309139219934195
36.66238626739289 -1.0150059360307657e-05 -0.02726239414342621
36.72521812046468 -1.0115401346830367e-05 -0.027215808728947348
36.78804997353648 -1.0080920477979212e-05 -0.02716938216038094
36.85088182660828 -1.0046615549071308e-05 -0.027123113627159762
36.91371367968007 -1.0012485365621497e-05 -0.027077002324218925
36.97654553275187 -9.978528743282178e-06 -0.027031047451949248
37.03937738582366 -9.94474450771446e-06 -0.026985248216151246
37.10220923889546 -9.911131494486539e-06 -0.0269396038279894
37.165041091967254 -9.877688548967367e-06 -0.026894113503947055
37.22787294503905 -9.844414526258328e-06 -0.02684877646578161
37.290704798110845 -9.811308291058289e-06 -0.026803591940480306
37.353536651182644 -9.778368717608873e-06 -0.026758559160216362
37.416368504254436 -9.745594689538459e-06 -0.026713677362305586
37.479200357326235 -9.712985099829976e-06 -0.02666894578916343
37.542032210398034 -9.680538850696897e-06 -0.026624363688262452
37.604864063469826 -9.64825485348512e-06 -0.026579930312090213
37.667695916541625 -9.616132028597789e-06 -0.026535644918107604
37.73052776961342 -9.584169305397704e-06 -0.02649150676870759
37.793359622685216 -9.552365622132562e-06 -0.026447515131174274
37.85619147575701 -9.52071992580474e-06 -0.026403669277642573
37.91902332882881 -9.489231172150296e-06 -0.026359968485058057
37.9818551819006 -9.457898325473575e-06 -0.02631641203513735
38.0446870349724 -9.426720358651116e-06 -0.026272999214328817
38.1075188880442 -9.395696252970665e-06 -0.026229729313773736
38.17035074111599 -9.364824998073851e-06 -0.02618660162926781
38.23318259418779 -9.334105591905038e-06 -0.026143615461222954
38.29601444725958 -9.30353704058468e-06 -0.026100770114629687
38.35884630033138 -9.27311835835837e-06 -0.026058064899019642
38.42167815340317 -9.242848567495568e-06 -0.026015499128428644
38.48451000647497 -9.212726698234053e-06 -0.025973072121359984
38.54734185954676 -9.182751788685e-06 -0.02593078320074819
38.61017371261856 -9.15292288477487e-06 -0.025888631693923064
38.67300556569036 -9.123239040135748e-06 -0.025846616932574094
38.73583741876215 -9.093699316067056e-06 -0.025804738252715235
38.79866927183395 -9.064302781444587e-06 -0.025762994994649922
38.86150112490574 -9.035048512648103e-06 -0.02572138650293665
38.92433297797754 -9.005935593491236e-06 -0.02567991212635458
38.987164831049334 -8.9769631151328e-06 -0.025638571217869773
39.04999668412113 -8.948130176065189e-06 -0.02559736313460155
39.112828537192925 -8.919435881935596e-06 -0.02555628723778921
39.175660390264724 -8.890879345599672e-06 -0.025515342892759165
39.238492243336516 -8.862459686966016e-06 -0.025474529468892282
39.301324096408315 -8.834176032968244e-06 -0.02543384633959156
39.364155949480114 -8.806027517481615e-06 -0.025393292882250198
39.426987802551906 -8.77801328125544e-06 -0.0253528684782198
39.489819655623705 -8.750132471887146e-06 -0.025312572512779078
39.5526515086955 -8.722384243680026e-06 -0.025272404375102694
39.615483361767296 -8.694767757659513e-06 -0.025232363458230468
39.67831521483909 -8.667282181455841e-06 -0.02519244915903692
39.74114706791089 -8.639926689274344e-06 -0.025152660878200984
39.80397892098268 -8.612700461806898e-06 -0.025112998020176126
39.86681077405448 -8.585602686186747e-06 -0.025073459993160626
39.92964262712628 -8.558632555938691e-06 -0.025034046209068284
39.99247448019807 -8.531789270874325e-06 -0.02499475608349929
40.05530633326987 -8.505072037088714e-06 -0.024955589035711337
40.11813818634166 -8.478480066873677e-06 -0.024916544488591187
40.18097003941346 -8.452012578657947e-06 -0.02487762186862627
40.24380189248525 -8.425668796944071e-06 -0.02483882060587674
40.30663374555705 -8.39944795228182e-06 -0.024800140133947646
40.36946559862884 -8.373349281181912e-06 -0.024761579889961496
40.43229745170064 -8.347372026078788e-06 -0.02472313931453094
40.49512930477243 -8.321515435243812e-06 -0.024684817851731825
40.55796115784423 -8.295778762784849e-06 -0.024646614949076436
40.62079301091603 -8.270161268546955e-06 -0.024608530057486974
40.68362486398782 -8.244662218077703e-06 -0.02457056263126934
40.74645671705962 -8.219280882571861e-06 -0.024532712128087074
40.809288570131415 -8.194016538814407e-06 -0.024494978008935648
40.872120423203214 -8.168868469156423e-06 -0.024457359738116854
40.934952276275006 -8.143835961405388e-06 -0.024419856783213584
40.997784129346805 -8.118918308839067e-06 -0.02438246861506467
41.0606159824186 -8.094114810121907e-06 -0.02434519470774015
41.123447835490396 -8.069424769249675e-06 -0.02430803453851654
41.186279688562195 -8.044847495535582e-06 -0.024270987587852563
41.24911154163399 -8.020382303512404e-06 -0.024234053339364875
41.311943394705786 -7.996028512934956e-06 -0.024197231279804186
41.37477524777758 -7.97178544869057e-06 -0.02416052089903152
41.43760710084938 -7.947652440796316e-06 -0.02412392168999466
41.50043895392117 -7.9236288242762e-06 -0.024087433148704953
41.56327080699297 -7.899713939233309e-06 -0.02405105477421406
41.62610266006476 -7.875907130711717e-06 -0.024014786068591195
41.68893451313656 -7.852207748658048e-06 -0.023978626536900447
41.75176636620835 -7.828615147915777e-06 -0.02394257568717823
41.81459821928015 -7.805128688154763e-06 -0.023906633030411076
41.87743007235195 -7.781747733849407e-06 -0.023870798080513567
41.94026192542374 -7.758471654213226e-06 -0.02383507035430643
42.00309377849554 -7.735299823159248e-06 -0.023799449371494873
42.06592563156733 -7.712231619265803e-06 -0.023763934654647097
42.12875748463913 -7.689266425769852e-06 -0.023728525729173038
42.19158933771092 -7.66640363041879e-06 -0.02369322212330324
42.25442119078272 -7.64364262555929e-06 -0.023658023368067896
42.317253043854514 -7.620982808020107e-06 -0.023622928997276228
42.38008489692631 -7.598423579057552e-06 -0.023587938547495833
42.44291674999811 -7.57596434441119e-06 -0.02355305155803239
42.505748603069904 -7.553604514155829e-06 -0.023518267570909458
42.5685804561417 -7.531343502726136e-06 -0.023483586130848465
42.631412309213495 -7.509180728852022e-06 -0.02344900678524887
42.694244162285294 -7.48711561552399e-06 -0.023414529084168533
42.757076015357086 -7.4651475899868294e-06 -0.023380152580304264
42.819907868428885 -7.443276083655765e-06 -0.023345876828972396
42.88273972150068 -7.421500532101459e-06 -0.0233117013880898
42.945571574572476 -7.399820375029707e-06 -0.02327762581815479
43.008403427644275 -7.378235056212022e-06 -0.023243649682228383
43.07123528071607 -7.3567440234577785e-06 -0.023209772545915625
43.134067133787866 -7.33534672863567e-06 -0.023175993977347115
43.19689898685966 -7.314042627524164e-06 -0.023142313547160724
43.25973083993146 -7.292831179887707e-06 -0.023108730828483345
43.32256269300325 -7.2717118493994864e-06 -0.02307524539691301
43.385394546075055 -7.250684103591975e-06 -0.02304185683050091
43.44822639914685 -7.229747413837628e-06 -0.02300856470973384
43.511058252218646 -7.208901255321869e-06 -0.02297536861751654
43.57389010529044 -7.1881451070079554e-06 -0.022942268139154405
43.63672195836224 -7.167478451588911e-06 -0.022909262862336133
43.699553811434036 -7.146900775489692e-06 -0.022876352377116757
43.76238566450583 -7.126411568788795e-06 -0.022843536275900633
43.82521751757763 -7.106010325226964e-06 -0.02281081415342463
43.88804937064942 -7.085696542154681e-06 -0.02277818560674151
43.95088122372122 -7.065469720497078e-06 -0.022745650235203415
44.01371307679301 -7.045329364755318e-06 -0.02271320764044548
44.07654492986481 -7.025274982933023e-06 -0.022680857426369598
44.1393767829366 -7.005306086545467e-06 -0.022648599199128365
44.2022086360084 -6.98542219055171e-06 -0.02261643256710904
44.26504048908019 -6.965622813360169e-06 -0.02258435714091783
44.327872342151984 -6.9459074767813645e-06 -0.022552372533364128
44.39070419522378 -6.926275705991375e-06 -0.022520478359444998
44.453536048295575 -6.906727029527689e-06 -0.022488674236329727
44.516367901367374 -6.8872609792410394e-06 -0.022456959783344527
44.579199754439166 -6.867877090267781e-06 -0.022425334621957425
44.642031607510965 -6.848574901028089e-06 -0.022393798375763167
44.70486346058276 -6.829353953156297e-06 -0.022362350670468344
44.767695313654556 -6.810213791508208e-06 -0.02233099113387659
44.83052716672635 -6.791153964117079e-06 -0.022299719395873937
44.89335901979815 -6.772174022167127e-06 -0.022268535088414254
44.956190872869946 -6.753273519984871e-06 -0.022237437845504877
45.01902272594174 -6.734452014972132e-06 -0.02220642730319225
45.08185457901354 -6.71570906766327e-06 -0.02217550309954782
45.14468643208533 -6.697044241572356e-06 -0.02214466487465392
45.20751828515713 -6.678457103303485e-06 -0.022113912270589835
45.27035013822892 -6.659947222407461e-06 -0.022083244931418052
45.33318199130072 -6.641514171454788e-06 -0.022052662503170423
45.39601384437251 -6.623157525944806e-06 -0.022022164633834673
45.45884569744431 -6.604876864307175e-06 -0.021991750973340867
45.52167755051611 -6.586671767884342e-06 -0.021961421173548053
45.5845094035879 -6.568541820873246e-06 -0.02193117488823098
45.6473412566597 -6.5504866103479e-06 -0.02190101177306698
45.71017310973149 -6.532505726231694e-06 -0.021870931485622875
45.77300496280329 -6.5145987611932755e-06 -0.02184093368534209
45.83583681587508 -6.496765310754835e-06 -0.02181101803353178
45.89866866894688 -6.479004973155077e-06 -0.0217811841933501
45.961500522018675 -6.461317349401818e-06 -0.021751431829793638
46.024332375090474 -6.443702043205925e-06 -0.021721760609684837
46.087164228162266 -6.426158660973075e-06 -0.021692170201659606
46.149996081234065 -6.408686811780243e-06 -0.021662660276154957
46.212827934305864 -6.391286107367847e-06 -0.021633230505396884
46.275659787377656 -6.37395616209984e-06 -0.021603880563388154
46.338491640449455 -6.356696592944984e-06 -0.021574610125896322
46.40132349352125 -6.339507019465062e-06 -0.021545418870441833
46.464155346593046 -6.322387063786332e-06 -0.021516306476286128
46.52698719966484 -6.305336350568077e-06 -0.02148727262442002
46.58981905273664 -6.288354507056127e-06 -0.021458316997551963
46.65265090580843 -6.2714411628944116e-06 -0.021429439280096555
46.71548275888023 -6.254595950301944e-06 -0.021400639158163075
46.77831461195203 -6.2378185039235265e-06 -0.021371916319544156
46.84114646502382 -6.2211084608553316e-06 -0.021343270453704485
46.90397831809562 -6.204465460630922e-06 -0.02131470125176965
46.96681017116741 -6.187889145164007e-06 -0.021286208406515045
47.02964202423921 -6.171379158782245e-06 -0.021257791612354856
47.092473877311 -6.154935148166033e-06 -0.02122945056533121
47.1553057303828 -6.138556762344685e-06 -0.021201184963103296
47.21813758345459 -6.122243652681116e-06 -0.021172994504936645
47.28096943652639 -6.105995472850063e-06 -0.021144878891692497
47.34380128959819 -6.0898118788227144e-06 -0.021116837825817206
47.40663314266998 -6.0736925288376215e-06 -0.021088871011331813
47.46946499574178 -6.057637083403923e-06 -0.02106097815382154
47.53229684881357 -6.04164520524788e-06 -0.021033158960425624
47.59512870188537 -6.025716559333089e-06 -0.02100541313982693
47.657960554957164 -6.009850812823633e-06 -0.02097774040224194
47.72079240802896 -5.994047635063767e-06 -0.020950140459410547
47.783624261100755 -5.9783066975981e-06 -0.02092261302458614
47.846456114172554 -5.962627674075917e-06 -0.02089515781252568
47.909287967244346 -5.947010240308662e-06 -0.02086777453947981
47.972119820316145 -5.931454074230645e-06 -0.020840462923183204
48.034951673387944 -5.9159588558584934e-06 -0.020813222682844756
48.097783526459736 -5.900524267316525e-06 -0.020786053539138035
48.160615379531535 -5.8851499927821365e-06 -0.020758955214191757
48.22344723260333 -5.869835718495119e-06 -0.020731927431580303
48.286279085675126 -5.854581132728059e-06 -0.02070496991631432
48.34911093874692 -5.839385925780848e-06 -0.020678082394831467
48.41194279181872 -5.824249789952401e-06 -0.020651264594987107
48.47477464489051 -5.8091724195239655e-06 -0.02062451624604517
48.53760649796231 -5.794153510770937e-06 -0.020597837078669072
48.60043835103411 -5.779192761913772e-06 -0.02057122682491264
48.6632702041059 -5.764289873135299e-06 -0.020544685218211196
48.7261020571777 -5.7494445465188915e-06 -0.020518211993372646
48.78893391024949 -5.734656486079616e-06 -0.020491806886568674
48.85176576332129 -5.719925397739794e-06 -0.020465469635325976
48.91459761639308 -5.7052509892828194e-06 -0.020439199978517602
48.97742946946488 -5.690632970388706e-06 -0.020412997656354265
49.04026132253667 -5.676071052573655e-06 -0.02038686241037593
49.10309317560847 -5.661564949210749e-06 -0.020360793983443135
49.16592502868026 -5.647114375488345e-06 -0.020334792119728745
49.22875688175206 -5.632719048422049e-06 -0.02030885656470951
49.29158873482386 -5.618378686819465e-06 -0.02028298706515776
49.35442058789565 -5.604093011258336e-06 -0.020257183369133222
49.41725244096745 -5.589861744125264e-06 -0.020231445225974826
49.480084294039244 -5.575684609539142e-06 -0.020205772386292592
49.54291614711104 -5.561561333379373e-06 -0.0201801646019596
49.605748000182835 -5.547491643242158e-06 -0.020154621626103993
49.668579853254634 -5.5334752684600195e-06 -0.020129143213101088
49.731411706326426 -5.519511940054123e-06 -0.020103729118565467
49.794243559398225 -5.50560139076001e-06 -0.020078379099343204
49.857075412470024 -5.4917433549809995e-06 -0.020053092913504097
49.919907265541816 -5.4779375687858005e-06 -0.020027870320334047
49.982739118613615 -5.464183769906073e-06 -0.020002711080327314
50.04557097168541 -5.450481697726463e-06 -0.01997761495517904
50.108402824757206 -5.436831093234322e-06 -0.01995258170777772
50.171234677829 -5.4232316990630725e-06 -0.019927611102197713
50.2340665309008 -5.409683259431043e-06 -0.01990270290369186
50.29689838397259 -5.396185520177868e-06 -0.019877856878684135
50.35973023704439 -5.382738228696962e-06 -0.019853072794762353
50.42256209011619 -5.369341133975454e-06 -0.019828350420670937
50.48539394318798 -5.355993986534808e-06 -0.01980368952630372
50.54822579625978 -5.342696538474541e-06 -0.019779089882696835
50.61105764933157 -5.329448543400155e-06 -0.019754551262021636
50.67388950240337 -5.316249756468255e-06 -0.019730073437577635
50.73672135547516 -5.303099934339495e-06 -0.01970565618378559
50.79955320854696 -5.289998835142854e-06 -0.019681299276180522
50.86238506161875 -5.276946218563884e-06 -0.01965700249140493
50.92521691469055 -5.263941845722235e-06 -0.019632765607201872
50.98804876776234 -5.250985479211706e-06 -0.01960858840240827
51.05088062083414 -5.238076883097232e-06 -0.019584470656948138
51.11371247390594 -5.225215822875829e-06 -0.01956041215182597
51.176544326977734 -5.2124020654986945e-06 -0.01953641266912009
51.23937618004954 -5.199635379330158e-06 -0.019512471991976046
51.30220803312133 -5.186915534156808e-06 -0.01948858990460017
51.36503988619313 -5.174242301157672e-06 -0.01946476619225301
51.42787173926492 -5.161615452932121e-06 -0.019441000641242965
51.49070359233672 -5.149034763439991e-06 -0.01941729303891989
51.553535445408514 -5.1365000080332595e-06 -0.019393643173668745
51.61636729848031 -5.124010963410653e-06 -0.019370050834903303
51.67919915155211 -5.111567407647517e-06 -0.019346515813059975
51.742031004623904 -5.099169120153464e-06 -0.019323037899591486
51.8048628576957 -5.086815881660432e-06 -0.01929961688696084
51.867694710767495 -5.074507474253811e-06 -0.019276252568635154
51.930526563839294 -5.062243681320521e-06 -0.019252944739079608
51.993358416911086 -5.0500242875307666e-06 -0.01922969319375144
52.056190269982885 -5.037849078905605e-06 -0.019206497729093927
52.11902212305468 -5.025717842705789e-06 -0.019183358142530492
52.181853976126476 -5.013630367481442e-06 -0.01916027423245882
52.24468582919827 -5.001586443072167e-06 -0.019137245798244964
52.30751768227007 -4.98958586055618e-06 -0.019114272640217592
52.37034953534186 -4.977628412264178e-06 -0.019091354559662158
52.43318138841365 -4.9657138917912595e-06 -0.01906849135881527
52.49601324148545 -4.9538420939406725e-06 -0.01904568284085891
52.55884509455724 -4.942012814735113e-06 -0.01902292880991489
52.62167694762904 -4.93022585144626e-06 -0.01900022907103915
52.68450880070083 -4.918481002515162e-06 -0.018977583430216292
52.74734065377263 -4.9067780676113904e-06 -0.01895499169435398
52.810172506844424 -4.895116847581712e-06 -0.01893245367127753
52.87300435991622 -4.88349714444348e-06 -0.018909969169724383
52.93583621298802 -4.871918761402558e-06 -0.018887537999338802
52.998668066059814 -4.860381502822515e-06 -0.018865159970666436
53.06149991913161 -4.848885174225865e-06 -0.01884283489514899
53.124331772203405 -4.83742958228212e-06 -0.018820562585118973
53.187163625275204 -4.826014534801428e-06 -0.018798342853794427
53.249995478346996 -4.814639840723993e-06 -0.0187761755152737
53.312827331418795 -4.80330531011096e-06 -0.018754060384530303
53.37565918449059 -4.792010754153187e-06 -0.018731997277407732
53.438491037562386 -4.780755985127843e-06 -0.01870998601061435
53.50132289063418 -4.769540816432906e-06 -0.01868802640171839
53.56415474370598 -4.758365062548789e-06 -0.01866611826914283
53.626986596777776 -4.747228539045795e-06 -0.018644261432160473
53.68981844984957 -4.73613106256197e-06 -0.018622455710888917
53.75265030292137 -4.725072450814438e-06 -0.018600700926285654
53.81548215599316 -4.714052522584381e-06 -0.01857899690014321
53.87831400906496 -4.7030710976971145e-06 -0.01855734345508421
53.94114586213675 -4.692127997033391e-06 -0.018535740414556627
54.00397771520855 -4.681223042515645e-06 -0.01851418760282892
54.06680956828034 -4.670356057093631e-06 -0.018492684844985334
54.12964142135214 -4.659526864753708e-06 -0.018471231966921145
54.19247327442394 -4.648735290479583e-06 -0.018449828795337953
54.25530512749573 -4.637981160291395e-06 -0.01842847515773906
54.31813698056753 -4.627264301196066e-06 -0.018407170882424786
54.38096883363932 -4.61658454120615e-06 -0.018385915798487935
54.44380068671112 -4.6059417093258136e-06 -0.018364709735809174
54.50663253978291 -4.59533563554323e-06 -0.018343552525052535
54.56946439285471 -4.584766150814516e-06 -0.018322443997660916
54.632296245926504 -4.5742330870789516e-06 -0.018301383985851554
54.6951280989983 -4.563736277228676e-06 -0.018280372322611663
54.7579599520701 -4.553275555117543e-06 -0.018259408841693973
54.820791805141894 -4.542850755562333e-06 -0.01823849337761236
54.88362365821369 -4.532461714305824e-06 -0.018217625765637502
54.946455511285485 -4.52210826802284e-06 -0.018196805841792556
55.009287364357284 -4.511790254357552e-06 -0.018176033442848866
55.072119217429076 -4.501507511830907e-06 -0.018155308406321707
55.134951070500875 -4.4912598799081425e-06 -0.018134630570466038
55.19778292357267 -4.48104719897114e-06 -0.01811399977427232
55.260614776644466 -4.4708693102886744e-06 -0.018093415857462332
55.32344662971626 -4.460726056050174e-06 -0.018072878660485018
55.38627848278806 -4.450617279326787e-06 -0.018052388024512374
55.44911033585986 -4.4405428240776005e-06 -0.01803194379143537
55.51194218893165 -4.430502535144285e-06 -0.018011545803859857
55.57477404200345 -4.420496258245387e-06 -0.01799119390510257
55.63760589507524 -4.410523839968698e-06 -0.01797088793918709
55.70043774814704 -4.400585127771302e-06 -0.017950627750839863
55.76326960121883 -4.390679969963028e-06 -0.017930413185486292
55.82610145429063 -4.380808215696363e-06 -0.01791024408924674
55.88893330736242 -4.370969715004448e-06 -0.017890120308932687
55.95176516043422 -4.3611643187185374e-06 -0.017870041692042822
56.01459701350602 -4.351391878520144e-06 -0.017850008086759205
56.07742886657781 -4.341652246935311e-06 -0.017830019341943462
56.14026071964961 -4.331945277300767e-06 -0.01781007530713295
56.2030925727214 -4.322270823775122e-06 -0.01779017583253703
56.2659244257932 -4.31262874132639e-06 -0.01777032076903326
56.328756278864994 -4.303018885736672e-06 -0.017750509968163748
56.39158813193679 -4.293441113584986e-06 -0.017730743282131402
56.454419985008585 -4.283895282241859e-06 -0.01771102056379628
56.517251838080384 -4.274381249896276e-06 -0.01769134166667192
56.580083691152176 -4.264898875486387e-06 -0.01767170644492176
56.642915544223975 -4.25544801875242e-06 -0.017652114753355482
56.705747397295774 -4.246028540211204e-06 -0.017632566447425488
56.768579250367566 -4.236640301149028e-06 -0.017613061383223327
56.831411103439365 -4.2272831636150266e-06 -0.01759359941747615
56.89424295651116 -4.21795699040778e-06 -0.017574180407543237
56.957074809582956 -4.208661645109953e-06 -0.017554804211412495
57.01990666265475 -4.19939699202839e-06 -0.017535470687696997
57.08273851572655 -4.190162896226573e-06 -0.017516179695631566
57.14557036879834 -4.180959223509885e-06 -0.017496931095069338
57.20840222187014 -4.1717858404175516e-06 -0.017477724746478383
57.27123407494194 -4.1626426142174405e-06 -0.017458560510938338
57.33406592801373 -4.153529412906214e-06 -0.01743943825013707
57.39689778108553 -4.144446105210365e-06 -0.017420357826367295
57.45972963415732 -4.135392560551578e-06 -0.017401319102523356
57.52256148722912 -4.126368649088057e-06 -0.017382321942097902
57.58539334030091 -4.117374241668056e-06 -0.017363366209178607
57.64822519337271 -4.108409209852004e-06 -0.01734445176844497
57.7110570464445 -4.099473425896306e-06 -0.01732557848516507
57.7738888995163 -4.090566762755984e-06 -0.017306746225192383
57.83672075258809 -4.081689094060434e-06 -0.017287954854962612
57.89955260565989 -4.072840294140898e-06 -0.017269204241490487
57.96238445873169 -4.064020238000211e-06 -0.01725049425236671
58.02521631180348 -4.055228801317096e-06 -0.017231824755754754
58.08804816487528 -4.046465860446051e-06 -0.017213195620387815
58.150880017947074 -4.037731292405942e-06 -0.017194606715565757
58.21371187101887 -4.029024974879586e-06 -0.017176057911151985
58.276543724090665 -4.020346786213607e-06 -0.017157549077570486
58.339375577162464 -4.011696605388203e-06 -0.01713908008580275
58.402207430234256 -4.003074312063582e-06 -0.017120650807384834
58.465039283306055 -3.994479786532979e-06 -0.01710226111440432
58.527871136377854 -3.985912909725254e-06 -0.01708391087949741
58.590702989449646 -3.977373563209283e-06 -0.017065599975845953
58.653534842521445 -3.968861629201849e-06 -0.017047328277174527
58.71636669559324 -3.960376990527288e-06 -0.017029095657747566
58.779198548665036 -3.951919530653382e-06 -0.01701090199236641
58.84203040173683 -3.943489133664203e-06 -0.016992747156366526
58.90486225480863 -3.935085684264346e-06 -0.01697463102561457
58.96769410788042 -3.926709067759844e-06 -0.016956553476505626
59.03052596095222 -3.918359170086313e-06 -0.01693851438596035
59.093357814024024 -3.910035877772575e-06 -0.01692051363142219
59.156189667095816 -3.901739077951951e-06 -0.016902551090854624
59.219021520167615 -3.89346865834622e-06 -0.016884626642738352
59.28185337323941 -3.885224507302971e-06 -0.016866740166068598
59.344685226311206 -3.8770065137276815e-06 -0.01684889154035235
59.407517079383 -3.8688145671344565e-06 -0.016831080645605682
59.4703489324548 -3.8606485576085625e-06 -0.016813307362351006
59.53318078552659 -3.85250837582669e-06 -0.016795571571614456
59.59601263859839 -3.84439391303076e-06 -0.01677787315492318
59.65884449167018 -3.836305061041452e-06 -0.016760211994302714
59.72167634474198 -3.828241712257085e-06 -0.016742587972274327
59.78450819781378 -3.820203759614923e-06 -0.01672500097185244
59.84734005088557 -3.8121910966501664e-06 -0.016707450876541984
59.91017190395737 -3.8042036174388578e-06 -0.016689937570335843
59.97300375702916 -3.7962412166085506e-06 -0.016672460937712262
60.03583561010096 -3.7883037893469433e-06 -0.01665502086363229
60.09866746317275 -3.7803912313824044e-06 -0.016637617233537277
60.16149931624455 -3.7725034390148296e-06 -0.01662024993334623
60.22433116931634 -3.764640309042704e-06 -0.016602918849453425
60.28716302238814 -3.756801738843463e-06 -0.01658562386872581
60.349994875459934 -3.7489876263141626e-06 -0.016568364878500542
60.412826728531726 -3.7411978698813954e-06 -0.016551141766582497
60.475658581603525 -3.733432368509977e-06 -0.016533954421241764
60.53849043467532 -3.7256910216842664e-06 -0.016516802731211262
60.60132228774712 -3.7179737294142903e-06 -0.01649968658568416
60.66415414081891 -3.7102803922469722e-06 -0.01648260587431152
60.72698599389071 -3.702610911211088e-06 -0.016465560487199826
60.7898178469625 -3.694965187883901e-06 -0.016448550314908512
60.8526497000343 -3.6873431243342023e-06 -0.016431575248447565
60.91548155310609 -3.6797446231597e-06 -0.01641463517927506
60.97831340617789 -3.6721695874369666e-06 -0.01639772999929472
61.04114525924969 -3.6646179207639897e-06 -0.0163808596008535
61.10397711232148 -3.657089527247218e-06 -0.016364023876739103
61.16680896539328 -3.649584311464861e-06 -0.016347222720177516
61.22964081846507 -3.6421021785061186e-06 -0.01633045602483057
61.29247267153687 -3.6346430339516657e-06 -0.016313723684793387
61.35530452460866 -3.627206783861577e-06 -0.0162970255945919
61.41813637768046 -3.6197933347895107e-06 -0.01628036164918026
61.480968230752254 -3.612402593766957e-06 -0.016263731743938255
61.54380008382405 -3.6050344682876218e-06 -0.016247135774668648
61.60663193689585 -3.5976888663368586e-06 -0.016230573637594455
61.669463789967644 -3.5903656963530366e-06 -0.01621404522935613
61.73229564303944 -3.5830648672282557e-06 -0.01619755044700873
61.795127496111235 -3.5757862883079443e-06 -0.016181089188018874
61.857959349183034 -3.5685298693630934e-06 -0.016164661350261605
61.920791202254826 -3.561295520593024e-06 -0.016148266832017175
61.983623055326625 -3.5540831525671303e-06 -0.016131905531967573
62.04645490839842 -3.5468926762504054e-06 -0.01611557734919291
62.109286761470216 -3.5397240029105776e-06 -0.01609928218316767
62.17211861454201 -3.532577044097118e-06 -0.016083019933756736
62.23495046761381 -3.525451711556085e-06 -0.016066790501211393
62.297782320685606 -3.51834791714187e-06 -0.01605059378616534
62.3606141737574 -3.5112655726948785e-06 -0.016034429689630966
62.4234460268292 -3.5042045898906304e-06 -0.016018298112996404
62.48627787990099 -3.4971648800593413e-06 -0.016002198958023923
62.54910973297279 -3.490146353999877e-06 -0.015986132126850853
62.61194158604458 -3.483148921839103e-06 -0.01597009752199457
62.67477343911638 -3.476172493029025e-06 -0.015954095046363286
62.73760529218817 -3.4692169766565945e-06 -0.015938124603274484
62.80043714525997 -3.462282282217051e-06 -0.01592218609648123
