0.031415926535897934 0.01888465536715259 -0.02773459819894695
0.0942477796076938 0.01878945198680003 -0.07590662053943531
0.15707963267948966 0.018621129486866055 -0.11692040675969224
0.21991148575128555 0.018401718350681773 -0.1512214383353581
0.2827433388230814 0.018150532783618056 -0.17943959331446988
0.3455751918948773 0.017883081344271703 -0.2022855900236257
0.4084070449666731 0.017611028186030903 -0.22047736066058193
0.471238898038469 0.01734267463334929 -0.23469461389033164
0.5340707511102649 0.01708360976942143 -0.24555485210029188
0.5969026041820609 0.016837347112132202 -0.25360380286328965
0.6597344572538566 0.01660587195369154 -0.2593146715092317
0.7225663103256524 0.01639008047258931 -0.26309230796371796
0.7853981633974484 0.01619011722272079 -0.26527976364034883
0.8482300164692443 0.016005626844563303 -0.26616570172785164
0.9110618695410401 0.015835937420550898 -0.265991779741762
0.9738937226128359 0.015680191275443428 -0.2649595381842571
1.0367255756846319 0.015537436360530918 -0.2632365819615269
1.0995574287564276 0.01540668862899812 -0.2609619891869836
1.1623892818282238 0.015286973395712233 -0.25825096417914906
1.2252211349000195 0.015177351690361836 -0.2551987933873495
1.2880529879718152 0.015076936049419447 -0.2518841809517053
1.3508848410436112 0.01498489899316004 -0.24837204484083691
1.4137166941154071 0.01490047653221752 -0.24471585129486803
1.4765485471872029 0.014822968379126479 -0.24095955842222658
1.5393804002589988 0.014751736049675805 -0.23713923147977006
1.6022122533307945 0.014686199682356103 -0.23328438386230543
1.6650441064025907 0.014625834147312215 -0.22941908980438333
1.7278759594743864 0.014570164832281244 -0.22556290756696273
1.7907078125461822 0.014518763362799628 -0.22173164555156613
1.8535396656179781 0.014471243421960106 -0.21793799834971211
1.916371518689774 0.014427256771259108 -0.21419207513089578
1.9792033717615698 0.014386489529969373 -0.2105018389086602
2.0420352248333655 0.014348658740614683 -0.20687347200370942
2.1048670779051615 0.014313509228290205 -0.20331168035157438
2.1676989309769574 0.014280810748776247 -0.19981994709362572
2.2305307840487534 0.014250355412483309 -0.1964007440683434
2.2933626371205498 0.014221955366687355 -0.1930557083190024
2.356194490192345 0.014195440716236797 -0.1897857894986601
2.419026343264141 0.014170657662317981 -0.18659137303675644
2.4818581963359367 0.01414746683876214 -0.18347238309520347
2.5446900494077327 0.01412574182669361 -0.18042836865275058
2.6075219024795286 0.01410536782912492 -0.17745857548898036
2.6703537555513246 0.014086240488725754 -0.17456200637104807
2.73318560862312 0.01406826483333485 -0.1717374713597754
2.796017461694916 0.014051354335357666 -0.16898362983221293
2.858849314766712 0.014035430072365684 -0.16629902555335027
2.921681167838508 0.014020419977790001 -0.16368211591043041
2.984513020910304 0.014006258171584563 -0.1611312962415039
3.0473448739820994 0.013992884361932936 -0.15864492003860375
3.1101767270538954 0.013980243310106923 -0.1562213156801247
3.1730085801256913 0.01396828435133274 -0.15385880024209753
3.2358404331974877 0.013956960965533602 -0.15155569085048876
3.2986722862692837 0.013946230392325096 -0.1493103139634801
3.3615041393410787 0.013936053285451121 -0.1471210129114088
3.4243359924128747 0.013926393402271583 -0.14498615397069736
3.4871678454846706 0.01391721732446096 -0.14290413120501458
3.5499996985564666 0.013908494206588138 -0.1408733702706313
3.6128315516282625 0.01390019554952433 -0.13889233135251666
3.6756634047000585 0.013892294996023891 -0.13695951137197132
3.7384952577718544 0.01388476814613148 -0.1350734455849685
3.80132711084365 0.013877592390312176 -0.13323270867205744
3.864158963915446 0.013870746758474713 -0.13143591540521288
3.926990816987242 0.013864211783176567 -0.12968172096395617
3.989822670059038 0.013857969375639018 -0.1279688209619412
4.052654523130833 0.013852002713184462 -0.12629595123584947
4.11548637620263 0.013846296136996616 -0.12466188744043608
4.178318229274425 0.013840835059101452 -0.12306544448681464
4.241150082346221 0.013835605877751175 -0.12150547585531947
4.303981935418017 0.013830595900280965 -0.11998087280939125
4.366813788489813 0.013825793272744958 -0.11849056353280396
4.429645641561609 0.013821186915741655 -0.11703351220895244
4.492477494633405 0.013816766465683271 -0.11560871805801916
4.555309347705201 0.013812522221157197 -0.11421521434516269
4.618141200776996 0.013808445093800189 -0.11285206737078607
4.680973053848792 0.013804526563268495 -0.11151837545204574
4.743804906920588 0.013800758635968541 -0.11021326790318492
4.806636759992384 0.01379713380715045 -0.10893590402096637
4.869468613064179 0.013793645026123364 -0.10768547208030232
4.932300466135976 0.013790285664247566 -0.1064611883442455
4.995132319207771 0.013787049485465261 -0.10526229609166042
5.057964172279568 0.013783930619216005 -0.10408806466522422
5.120796025351363 0.013780923535406515 -0.10293778854178737
5.1836278784231595 0.013778023021387212 -0.10181078642666282
5.246459731494955 0.01377522416063256 -0.1007064003729651
5.3092915845667505 0.013772522313102387 -0.09962399492679012
5.372123437638547 0.013769913097064334 -0.09856295629871589
5.4349552907103424 0.013767392372230755 -0.09752269156189289
5.49778714378214 0.013764956224250918 -0.09650262787669797
5.560618996853934 0.013762600950193401 -0.09550221174193206
5.62345084992573 0.013760323045248678 -0.0945209082721735
5.686282702997526 0.013758119190251241 -0.09355820050100461
5.749114556069322 0.013755986240161836 -0.09261358870958056
5.811946409141118 0.01375392121336163 -0.0916865897800466
5.874778262212914 0.013751921281672408 -0.09077673657316548
5.937610115284709 0.013749983761104527 -0.0898835773295451
6.000441968356506 0.01374810610320803 -0.0890066750937891
6.063273821428301 0.013746285887038918 -0.08814560716087735
6.1261056745000975 0.013744520811655472 -0.08729996454407091
6.188937527571893 0.013742808689127264 -0.08646935146363208
6.2517693806436885 0.01374114743801124 -0.08565338485566129
6.314601233715485 0.013739535077255116 -0.08485169390030355
6.37743308678728 0.013737969720479835 -0.08406391956866861
6.440264939859078 0.013736449570684362 -0.08328971418774292
6.503096792930873 0.013734972915226722 -0.0825287410226254
6.565928646002669 0.013733538121178807 -0.0817806738754231
6.628760499074464 0.013732143630950426 -0.08104519670014533
6.69159235214626 0.013730787958193779 -0.08032200323299779
6.754424205218056 0.013729469683955234 -0.07961079663742282
6.817256058289852 0.013728187453068318 -0.07891128916332743
6.880087911361647 0.013726939970784079 -0.07822320181989878
6.9429197644334435 0.013725725999589005 -0.07754626406147865
7.005751617505239 0.013724544356206934 -0.07688021348591767
7.068583470577035 0.013723393908806163 -0.07622479554498397
7.131415323648831 0.013722273574345356 -0.07557976326617705
7.194247176720627 0.01372118231610615 -0.07494487698564603
7.257079029792423 0.01372011914133363 -0.0743199040916099
7.319910882864218 0.013719083099051826 -0.07370461877792418
7.382742735936015 0.013718073277970273 -0.07309880180733053
7.445574589007811 0.013717088804527326 -0.07250224028399163
7.5084064420796075 0.013716128841055471 -0.07191472743493205
7.571238295151402 0.013715192584015701 -0.07133606239999118
7.634070148223198 0.013714279262381508 -0.07076605002995862
7.696902001294994 0.013713388136059462 -0.07020450069251205
7.7597338543667895 0.013712518494417923 -0.06965123008566904
7.822565707438586 0.013711669654921611 -0.0691060590584053
7.885397560510381 0.013710840961792224 -0.06856881343816612
7.948229413582177 0.01371003178477765 -0.06803932386495419
8.011061266653973 0.013709241517982668 -0.06751742563174737
8.073893119725769 0.013708469578731149 -0.06700295853096022
8.136724972797564 0.013707715406538874 -0.06649576670671534
8.199556825869362 0.013706978462093513 -0.0659956985126651
8.262388678941157 0.013706258226308185 -0.0655026063751544
8.325220532012953 0.013705554199422206 -0.06501634666148337
8.388052385084748 0.013704865900171328 -0.06453677955307052
8.450884238156544 0.013704192864938462 -0.0640637689233145
8.513716091228341 0.013703534647015347 -0.06359718221996649
8.576547944300136 0.013702890815848185 -0.06313689035180457
8.639379797371932 0.013702260956364738 -0.06268276757947244
8.702211650443727 0.01370164466830177 -0.0622346914102794
8.765043503515523 0.01370104156559587 -0.061792542496827446
8.82787535658732 0.013700451275745627 -0.061356204539274845
8.890707209659116 0.013699873439289658 -0.06092556419113622
8.953539062730913 0.013699307709250604 -0.06050051096845151
9.016370915802709 0.013698753750597386 -0.06008093716216886
9.079202768874504 0.013698211239793198 -0.059666737753665045
9.1420346219463 0.013697679864307139 -0.05925781033322634
9.204866475018095 0.013697159322170192 -0.058854055021415136
9.26769832808989 0.013696649321551038 -0.0584553743931593
9.330530181161686 0.013696149580361694 -0.05806167340453028
9.393362034233482 0.013695659825856049 -0.05767285932201793
9.456193887305279 0.013695179794280466 -0.05728884165427178
9.519025740377074 0.013694709230490447 -0.05690953208618971
9.58185759344887 0.013694247887657569 -0.056534844415250404
9.644689446520665 0.013693795526915815 -0.05616469449001793
9.707521299592461 0.01369335191707363 -0.05579900015074981
9.770353152664258 0.013692916834311432 -0.055437681171979586
9.833185005736054 0.01369249006189488 -0.05508065920705416
9.89601685880785 0.01369207138993759 -0.05472785773451195
9.958848711879645 0.013691660615106117 -0.054379202006268126
10.02168056495144 0.01369125754040822 -0.05403461899748689
10.084512418023238 0.013690861974941404 -0.05369403735813104
10.147344271095033 0.013690473733658622 -0.05335738736610049
10.210176124166829 0.013690092637185954 -0.05302460088190067
10.273007977238624 0.013689718511589621 -0.05269561130478034
10.33583983031042 0.013689351188181258 -0.05237035353030181
10.398671683382217 0.013688990503358664 -0.05204876390928913
10.461503536454012 0.01368863629836694 -0.051730780208054744
10.524335389525808 0.013688288419189669 -0.051416341569961
10.587167242597603 0.013687946716335442 -0.05110538847813156
10.649999095669399 0.013687611044701654 -0.05079786271942842
10.712830948741196 0.013687281263430764 -0.05049370734948609
10.775662801812992 0.013686957235709871 -0.050192866658885414
10.838494654884787 0.01368663882870774 -0.04989528614040574
10.901326507956584 0.013686325913385027 -0.04960091245721693
10.96415836102838 0.01368601836436614 -0.049309693412172256
11.026990214100177 0.013685716059863878 -0.04902157791793961
11.089822067171971 0.013685418881464628 -0.048736515968125935
11.152653920243766 0.013685126714137049 -0.04845445860923303
11.215485773315562 0.013684839446022716 -0.04817535791352285
11.278317626387357 0.013684556968356368 -0.0478991669526332
11.341149479459155 0.013684279175397211 -0.04762583977206691
11.40398133253095 0.01368400596427488 -0.04735533136637725
11.466813185602746 0.013683737234931832 -0.047087597655177255
11.529645038674541 0.013683472890040812 -0.046822595459742475
11.592476891746337 0.013683212834886169 -0.04656028248046533
11.655308744818134 0.013682956977293988 -0.04630061727482976
11.71814059788993 0.013682705227548416 -0.04604355923610528
11.780972450961725 0.013682457498317077 -0.04578906857268273
11.84380430403352 0.01368221370458267 -0.04553710628795484
11.906636157105316 0.013681973763555875 -0.04528763416081832
11.969468010177113 0.013681737594600892 -0.045040614726734665
12.032299863248909 0.013681505119191879 -0.044796011259325266
12.095131716320704 0.013681276260829218 -0.04455378775250607
12.1579635693925 0.013681050944988456 -0.04431390890312556
12.220795422464297 0.013680829099046034 -0.04407634009409138
12.283627275536093 0.01368061065222392 -0.04384104737799624
12.346459128607888 0.013680395535558887 -0.04360799746116909
12.409290981679684 0.013680183681787923 -0.04337715768818365
12.47212283475148 0.013679975025383904 -0.04314849602686377
12.534954687823276 0.013679769502427823 -0.04292198105359008
12.597786540895072 0.013679567050586568 -0.042697581939105236
12.660618393966868 0.013679367609089126 -0.042475268434677235
12.723450247038663 0.013679171118628406 -0.04225501085863564
12.786282100110459 0.013678977521387643 -0.04203678008330314
12.849113953182258 0.013678786760928745 -0.04182054752226378
12.911945806254053 0.013678598782185077 -0.04160628511795693
12.974777659325849 0.013678413531436742 -0.04139396532965736
13.037609512397644 0.013678230956237752 -0.04118356112174264
13.10044136546944 0.013678051005407543 -0.0409750459522723
13.163273218541235 0.013677873628970452 -0.04076839376188839
13.22610507161303 0.01367769877815114 -0.040563578963005976
13.288936924684826 0.01367752640529813 -0.04036057642930244
13.351768777756622 0.01367735646390613 -0.04015936148543746
13.414600630828417 0.013677188908537002 -0.03995990989710534
13.477432483900214 0.013677023694818692 -0.03976219786130537
13.54026433697201 0.013676860779395093 -0.03956620199687723
13.603096190043805 0.013676700119920091 -0.03937189933529971
13.665928043115601 0.013676541675003685 -0.03917926731167902
13.728759896187396 0.01367638540422748 -0.03898828375603071
13.791591749259194 0.01367623126806267 -0.03879892688473935
13.85442360233099 0.013676079227882635 -0.03861117529225484
13.917255455402785 0.013675929245931393 -0.03842500794300809
13.98008730847458 0.013675781285312013 -0.038240404163492524
14.042919161546376 0.013675635309923245 -0.038057343634615395
14.105751014618173 0.01367549128449055 -0.037875806384157995
14.168582867689969 0.013675349174518566 -0.037695772779489045
14.231414720761764 0.013675208946249521 -0.03751722352043764
14.29424657383356 0.01367507056668843 -0.03734013963233142
14.357078426905355 0.01367493400354917 -0.03716450245923407
14.419910279977152 0.013674799225261793 -0.03699029365731378
14.482742133048948 0.013674666200897842 -0.036817495188425864
14.545573986120743 0.013674534900253988 -0.03664608931377162
14.608405839192539 0.013674405293734943 -0.03647605858781792
14.671237692264334 0.013674277352391918 -0.03630738585227114
14.734069545336132 0.013674151047892723 -0.036140054230254126
14.796901398407929 0.01367402635249313 -0.035974047120581214
14.859733251479724 0.013673903239049299 -0.03580934819220655
14.92256510455152 0.013673781680965898 -0.03564594137882216
14.985396957623315 0.013673661652242097 -0.03548381087347517
15.048228810695113 0.013673543127381525 -0.03532294112347739
15.111060663766906 0.01367342608142788 -0.03516331682529346
15.173892516838702 0.013673310489954772 -0.035004922919638526
15.236724369910498 0.013673196329020235 -0.03484774458663065
15.299556222982293 0.01367308357517735 -0.0346917672411268
15.36238807605409 0.013672972205472329 -0.03453697652805375
15.425219929125886 0.013672862197387402 -0.034383358318007345
15.488051782197681 0.013672753528888443 -0.03423089870279397
15.550883635269477 0.013672646178375204 -0.03407958399118646
15.613715488341272 0.01367254012468148 -0.03392940070471024
15.67654734141307 0.013672435347071533 -0.033780335573581455
15.739379194484865 0.013672331825200647 -0.03363237553268494
15.80221104755666 0.013672229539154982 -0.03348550771768269
15.865042900628456 0.013672128469405012 -0.03333971946118912
15.927874753700252 0.013672028596788736 -0.03319499828903624
15.990706606772049 0.013671929902538894 -0.0330513319166423
16.053538459843843 0.013671832368264008 -0.032908708245399404
16.11637031291564 0.013671735975910817 -0.03276711535927769
16.179202165987437 0.013671640707768214 -0.032626541521308186
16.242034019059233 0.013671546546495578 -0.0324869751703266
16.30486587213103 0.013671453475061476 -0.03234840491768157
16.367697725202824 0.013671361476778901 -0.03221081954404875
16.43052957827462 0.01367127053526376 -0.03207420799632768
16.493361431346415 0.01367118063445149 -0.03193855938456664
16.55619328441821 0.013671091758582676 -0.031803862979005844
16.619025137490006 0.013671003892195334 -0.031670108207147774
16.6818569905618 0.013670917020111091 -0.03153728465089213
16.7446888436336 0.013670831127449365 -0.03140538204375527
16.807520696705396 0.013670746199590572 -0.03127439026813638
16.87035254977719 0.0136706622221988 -0.031144299352628746
16.933184402848987 0.01367057918119502 -0.031015099469420875
16.996016255920782 0.0136704970627716 -0.030886780931717657
17.058848108992578 0.013670415853368905 -0.03075933419124269
17.121679962064373 0.013670335539671844 -0.030632749835776893
17.18451181513617 0.013670256108612364 -0.03050701858675678
17.247343668207964 0.013670177547360454 -0.030382131296932118
17.31017552127976 0.013670099843318004 -0.030258078948042673
17.37300737435156 0.01367002298411877 -0.030134852648574215
17.435839227423354 0.013669946957604085 -0.030012443631547696
17.49867108049515 0.013669871751845402 -0.029890843252365226
17.561502933566945 0.013669797355129968 -0.029770042986671075
17.62433478663874 0.013669723755941963 -0.029650034428298208
17.687166639710536 0.013669650942988288 -0.029530809287230387
17.749998492782332 0.01366957890515546 -0.029412359387600423
17.81283034585413 0.013669507631537535 -0.02929467666574214
17.875662198925927 0.013669437111412146 -0.02917775316830251
17.938494051997726 0.013669367334255184 -0.029061581050345286
18.00132590506952 0.01366929828971064 -0.028946152573519644
18.064157758141317 0.013669229967614705 -0.028831460104278034
18.126989611213112 0.013669162357979901 -0.028717496112101972
18.189821464284904 0.013669095450978849 -0.028604253167780955
18.2526533173567 0.013669029236972809 -0.02849172394171333
18.315485170428495 0.013668963706472765 -0.02837990120226386
18.37831702350029 0.013668898850153056 -0.028268777814128232
18.441148876572086 0.013668834658849967 -0.028158346736734906
18.50398072964388 0.013668771123555742 -0.02804860102269559
18.56681258271568 0.013668708235420653 -0.027939533816271997
18.629644435787476 0.013668645985723434 -0.027831138351861573
18.69247628885927 0.013668584365906983 -0.027723407952541544
18.755308141931067 0.013668523367559256 -0.027616336028622693
18.818139995002863 0.013668462982395959 -0.027509916076231773
18.88097184807466 0.01366840320228162 -0.02740414167590719
18.943803701146454 0.013668344019208334 -0.02729900649127675
19.00663555421825 0.013668285425304242 -0.027194504267684872
19.069467407290045 0.01366822741282489 -0.027090628830898113
19.13229926036184 0.013668169974152084 -0.02698737408582488
19.19513111343364 0.013668113101800126 -0.02688473401524496
19.257962966505435 0.013668056788393515 -0.026782702678585367
19.32079481957723 0.013668001026679796 -0.026681274210687188
19.383626672649026 0.013667945809528233 -0.026580442820640017
19.44645852572082 0.013667891129924104 -0.026480202790607116
19.509290378792617 0.013667836980959535 -0.026380548474659697
19.572122231864412 0.0136677833558433 -0.026281474297681483
19.634954084936208 0.013667730247881246 -0.02618297475424953
19.697785938008003 0.013667677650505833 -0.026085044407528384
19.7606177910798 0.013667625557235923 -0.025987677888282483
19.823449644151598 0.013667573961705318 -0.025890869893741175
19.886281497223393 0.013667522857634187 -0.02579461518662631
19.94911335029519 0.013667472238854849 -0.0256989085941412
20.011945203366984 0.013667422099284648 -0.025603745006968492
20.07477705643878 0.01366737243294933 -0.02550911937832108
20.137608909510575 0.013667323233961536 -0.025415026722973754
20.20044076258237 0.013667274496520873 -0.025321462116337606
20.263272615654166 0.013667226214919514 -0.025228420693548588
20.326104468725962 0.013667178383551713 -0.025135897648531448
20.388936321797758 0.013667130996867189 -0.02504388823318693
20.451768174869557 0.013667084049439948 -0.024952387756441395
20.514600027941352 0.013667037535881037 -0.0248613915834388
20.577431881013148 0.013666991450929492 -0.024770895134700245
20.640263734084943 0.01366694578936857 -0.024680893885303225
20.70309558715674 0.013666900546091647 -0.02459138336403901
20.765927440228534 0.013666855716036047 -0.02450235915266512
20.82875929330033 0.013666811294245471 -0.024413816885111017
20.891591146372125 0.013666767275817811 -0.02432575224667454
20.95442299944392 0.013666723655936165 -0.024238160973318136
21.017254852515716 0.013666680429852886 -0.024151038850915588
21.080086705587515 0.013666637592890196 -0.024064381714511293
21.14291855865931 0.013666595140429859 -0.023978185447593718
21.205750411731106 0.013666553067934765 -0.023892445981441968
21.2685822648029 0.013666511370935126 -0.02380715929440562
21.331414117874697 0.013666470045021887 -0.02372232141119514
21.394245970946493 0.013666429085849283 -0.023637928402263718
21.45707782401829 0.013666388489137558 -0.023553976383152823
21.519909677090084 0.013666348250673758 -0.023470461513809528
21.58274153016188 0.013666308366300953 -0.023387379997992
21.645573383233675 0.013666268831920576 -0.02330472808260523
21.708405236305477 0.01366622964349593 -0.023222502057135
21.771237089377273 0.013666190797053668 -0.023140698253025175
21.83406894244907 0.013666152288670875 -0.023059313043068234
21.896900795520864 0.013666114114478286 -0.022978342840865276
21.95973264859266 0.013666076270669077 -0.022897784100227372
22.022564501664455 0.013666038753484142 -0.022817633314599257
22.08539635473625 0.013666001559233885 -0.022737887016538876
22.148228207808042 0.013665964684245836 -0.02265854177717424
22.211060060879838 0.013665928124950124 -0.022579594205630674
22.273891913951637 0.013665891877785608 -0.022501040948547144
22.336723767023432 0.013665855939251684 -0.022422878689523404
22.399555620095228 0.013665820305908297 -0.022345104148643363
22.462387473167023 0.013665784974352887 -0.022267714081963902
22.52521932623882 0.013665749941232402 -0.02219070528101781
22.588051179310614 0.013665715203232585 -0.022114074572307296
22.65088303238241 0.013665680757113437 -0.02203781881688969
22.713714885454205 0.013665646599638315 -0.021961934909860155
22.776546738526 0.013665612727640612 -0.02188641977988843
22.839378591597796 0.013665579138006314 -0.021811270388784075
22.902210444669596 0.013665545827649749 -0.021736483731073116
22.96504229774139 0.013665512793516285 -0.021662056833499744
23.027874150813187 0.01366548003260681 -0.021587986754624193
23.090706003884982 0.013665447541967954 -0.021514270584425052
23.153537856956778 0.013665415318684883 -0.021440905443856073
23.216369710028573 0.013665383359861184 -0.021367888484403248
23.27920156310037 0.01366535166266224 -0.02129521688773179
23.342033416172164 0.013665320224299154 -0.021222887865283428
23.40486526924396 0.013665289041990183 -0.02115089865783433
23.467697122315755 0.013665258113014838 -0.021079246535163874
23.530528975387554 0.013665227434681222 -0.02100792879564349
23.59336082845935 0.013665197004330672 -0.020936942765876584
23.656192681531145 0.01366516681932809 -0.020866285800317116
23.71902453460294 0.013665136877106788 -0.020795955280906483
23.781856387674736 0.013665107175110693 -0.020725948616780912
23.84468824074653 0.013665077710816776 -0.020656263243777638
23.907520093818327 0.013665048481751246 -0.02058689662423783
23.970351946890123 0.013665019485444045 -0.02051784624657685
24.03318379996192 0.01366499071948654 -0.020449109624989553
24.096015653033714 0.01366496218148968 -0.020380684299080555
24.158847506105513 0.013664933869087573 -0.020312567833584705
24.22167935917731 0.013664905779957763 -0.020244757818042823
24.284511212249104 0.013664877911797279 -0.02017725186642083
24.3473430653209 0.013664850262347757 -0.020110047616878547
24.410174918392695 0.013664822829364811 -0.020043142731434507
24.47300677146449 0.013664795610648628 -0.019976534895653056
24.535838624536286 0.013664768603993994 -0.01991022181833733
24.59867047760808 0.013664741807256648 -0.01984420123130516
24.661502330679877 0.013664715218337812 -0.01977847088901007
24.724334183751672 0.013664688835103238 -0.019713028568312058
24.78716603682347 0.013664662655504428 -0.01964787206820394
24.849997889895267 0.013664636677465872 -0.019582999209485058
24.912829742967062 0.013664610898994314 -0.01951840783455036
24.975661596038858 0.013664585318089962 -0.019454095807061984
25.038493449110653 0.013664559932764418 -0.01939006101176893
25.10132530218245 0.013664534741096471 -0.019326301354160868
25.164157155254244 0.013664509741155597 -0.01926281476025898
25.22698900832604 0.01366448493103583 -0.019199599176368078
25.289820861397835 0.013664460308882001 -0.01913665256879416
25.35265271446963 0.013664435872820395 -0.019073972923630236
25.41548456754143 0.013664411621047843 -0.019011558246532397
25.478316420613226 0.013664387551740185 -0.018949406562402432
25.54114827368502 0.013664363663121945 -0.01888751591524957
25.603980126756817 0.013664339953436872 -0.01882588436791001
25.666811979828616 0.013664316420936053 -0.0187645100018314
25.72964383290041 0.013664293063907776 -0.018703390916821286
25.792475685972207 0.013664269880653902 -0.018642525230882466
25.855307539044002 0.01366424686949523 -0.01858191107993997
25.918139392115798 0.013664224028779329 -0.01852154661765778
25.980971245187597 0.013664201356867588 -0.01846143001521834
26.043803098259392 0.01366417885214496 -0.01840155946111353
26.106634951331188 0.013664156513009045 -0.018341933160947288
26.169466804402983 0.013664134337889967 -0.018282549337216625
26.232298657474775 0.01366411232521921 -0.018223406229126365
26.29513051054657 0.013664090473468171 -0.01816450209238755
26.357962363618366 0.013664068781115129 -0.01810583519902393
26.42079421669016 0.01366404724664522 -0.018047403837173064
26.483626069761957 0.013664025868578965 -0.017989206310912505
26.546457922833753 0.013664004645443362 -0.017931240940047312
26.609289775905552 0.013663983575806317 -0.01787350605997645
26.672121628977347 0.01366396265820356 -0.017816000021444837
26.734953482049143 0.013663941891236354 -0.017758721190424175
26.79778533512094 0.013663921273506765 -0.01770166794789604
26.860617188192734 0.013663900803618928 -0.01764483868971317
26.92344904126453 0.013663880480219024 -0.017588231826391732
26.986280894336325 0.013663860301941989 -0.017531845782961738
27.04911274740812 0.013663840267457393 -0.017475678998813693
27.111944600479916 0.013663820375455556 -0.017419729927507975
27.17477645355171 0.013663800624613651 -0.017363997036626087
27.23760830662351 0.01366378101364932 -0.01730847880761152
27.300440159695306 0.013663761541284396 -0.017253173735603602
27.3632720127671 0.013663742206258133 -0.01719808032931061
27.426103865838897 0.013663723007324652 -0.017143197110794393
27.488935718910692 0.013663703943253527 -0.01708852261540079
27.551767571982488 0.013663685012834725 -0.017034055391538162
27.614599425054283 0.013663666214852616 -0.01697979400057361
27.67743127812608 0.013663647548107762 -0.01692573701667463
27.740263131197874 0.013663629011446504 -0.016871883026657014
27.80309498426967 0.013663610603702246 -0.016818230629864768
27.86592683734147 0.0136635923237055 -0.01676477843800685
27.928758690413265 0.013663574170330529 -0.016711525075032624
27.99159054348506 0.013663556142461326 -0.0166584691769966
28.054422396556856 0.013663538238969757 -0.016605609391912517
28.11725424962865 0.013663520458751247 -0.01655294437964617
28.180086102700447 0.013663502800746713 -0.016500472811748945
28.242917955772242 0.01366348526386405 -0.01644819337135777
28.305749808844038 0.013663467847036714 -0.01639610475305784
28.368581661915833 0.01366345054921261 -0.01634420566277131
28.43141351498763 0.01366343336935546 -0.016292494817583977
28.494245368059428 0.013663416306447261 -0.01624097094570142
28.557077221131223 0.013663399359445504 -0.016189632786254522
28.61990907420302 0.013663382527372318 -0.01613847908922583
28.682740927274814 0.013663365809220123 -0.016087508615304256
28.74557278034661 0.013663349204007247 -0.016036720135810888
28.808404633418405 0.013663332710751975 -0.015986112432535015
28.8712364864902 0.013663316328496742 -0.015935684297627338
28.934068339561996 0.013663300056292293 -0.015885434533541604
28.99690019263379 0.013663283893205473 -0.015835361952852345
29.059732045705587 0.013663267838284792 -0.015785465378183768
29.122563898777386 0.01366325189062997 -0.015735743642141635
29.185395751849182 0.013663236049314765 -0.01568619558709726
29.248227604920977 0.013663220313449152 -0.015636820065190113
29.311059457992773 0.013663204682106737 -0.01558761593816987
29.37389131106457 0.013663189154448342 -0.01553858207732009
29.436723164136364 0.013663173729588064 -0.015489717363330017
29.49955501720816 0.013663158406651162 -0.01544102068622261
29.56238687027996 0.013663143184798741 -0.015392490945253582
29.625218723351754 0.013663128063171284 -0.015344127048773571
29.68805057642355 0.013663113040945467 -0.015295927914198308
29.75088242949535 0.013663098117277245 -0.01524789246782601
29.813714282567144 0.013663083291360047 -0.015200019644877976
29.87654613563894 0.01366306856238042 -0.015152308389259286
29.939377988710735 0.013663053929539377 -0.015104757653570115
30.00220984178253 0.013663039392042078 -0.015057366398948422
30.065041694854326 0.013663024949096401 -0.015010133595053335
30.12787354792612 0.013663010599939927 -0.014963058219903097
30.190705400997913 0.013662996343790628 -0.014916139259817683
30.25353725406971 0.01366298217989452 -0.014869375709376641
30.316369107141508 0.013662968107509743 -0.014822766571267715
30.379200960213304 0.013662954125865427 -0.014776310856216848
30.4420328132851 0.013662940234235628 -0.014730007582956645
30.504864666356895 0.013662926431904525 -0.01468385577806968
30.56769651942869 0.013662912718143167 -0.014637854475971025
30.630528372500486 0.013662899092220439 -0.014592002718792716
30.69336022557228 0.013662885553448741 -0.014546299556322556
30.756192078644077 0.01366287210111607 -0.014500744045917363
30.819023931715872 0.013662858734538715 -0.014455335252424453
30.881855784787668 0.013662845453027643 -0.014410072248109387
30.944687637859467 0.013662832255904159 -0.014364954112602933
31.007519490931262 0.01366281914250388 -0.014319979932769253
31.070351344003058 0.01366280611213919 -0.014275148802699112
31.133183197074853 0.013662793164172599 -0.014230459823599023
31.19601505014665 0.013662780297946054 -0.01418591210372609
31.258846903218444 0.013662767512806597 -0.014141504758326614
31.32167875629024 0.013662754808133459 -0.014097236909546111
31.384510609362035 0.013662742183291336 -0.01405310768639979
31.44734246243383 0.013662729637632966 -0.014009116224652984
31.510174315505626 0.01366271717055928 -0.013965261666810261
31.573006168577425 0.01366270478146276 -0.013921543161976479
31.63583802164922 0.013662692469705818 -0.013877959865868837
31.698669874721016 0.013662680234709287 -0.013834510940704038
31.761501727792812 0.01366266807587987 -0.013791195555145595
31.824333580864607 0.013662655992635006 -0.013748012884249854
31.887165433936403 0.013662643984359638 -0.01370496210939313
31.9499972870082 0.013662632050509948 -0.01366204241820099
32.012829140079994 0.01366262019049485 -0.013619253004515476
32.07566099315179 0.013662608403759423 -0.013576593068282936
32.138492846223585 0.013662596689728223 -0.013534061815582574
32.201324699295384 0.013662585047861695 -0.013491658458457335
32.264156552367176 0.01366257347759377 -0.013449382214964188
32.326988405438975 0.01366256197839693 -0.013407232309020842
32.38982025851077 0.013662550549725618 -0.013365207970401395
32.452652111582566 0.013662539191044938 -0.013323308434695036
32.515483964654365 0.013662527901822232 -0.013281532943177065
32.57831581772616 0.013662516681539564 -0.01323988074285731
32.641147670797956 0.013662505529678716 -0.013198351086328455
32.70397952386975 0.013662494445717217 -0.013156943231767668
32.76681137694155 0.013662483429154148 -0.013115656442886797
32.82964323001334 0.013662472479491209 -0.013074489988827284
32.89247508308514 0.013662461596229032 -0.013033443144174699
32.95530693615693 0.013662450778857492 -0.012992515188843224
33.01813878922873 0.01366244002689854 -0.012951705408099666
33.08097064230052 0.013662429339866772 -0.01291101309242432
33.14380249537232 0.013662418717292471 -0.012870437537559634
33.20663434844412 0.013662408158676868 -0.012829978044357067
33.26946620151591 0.013662397663570048 -0.012789633918805759
33.33229805458771 0.013662387231493173 -0.01274940447197167
33.3951299076595 0.013662376861998164 -0.01270928901988709
33.4579617607313 0.013662366554621726 -0.012669286883632017
33.52079361380309 0.01366235630889005 -0.012629397389121822
33.58362546687489 0.013662346124387797 -0.012589619867230126
33.646457319946684 0.013662336000645436 -0.012549953653599753
33.70928917301848 0.013662325937239622 -0.012510398088697026
33.77212102609028 0.013662315933700396 -0.01247095251770969
33.834952879162074 0.013662305989648606 -0.012431616290524548
33.89778473223387 0.013662296104624837 -0.012392388761702077
33.960616585305665 0.013662286278191625 -0.012353269290392231
34.023448438377464 0.013662276509954286 -0.012314257240318672
34.086280291449256 0.013662266799486011 -0.012275351979734464
34.149112144521055 0.013662257146372366 -0.012236552881384541
34.21194399759285 0.013662247550220354 -0.012197859322431814
34.274775850664646 0.01366223801058889 -0.012159270684492698
34.337607703736445 0.013662228527119027 -0.012120786353478172
34.40043955680824 0.013662219099375426 -0.012082405719674318
34.463271409880036 0.013662209726992251 -0.012044128177622453
34.52610326295183 0.013662200409569045 -0.012005953126117637
34.58893511602363 0.01366219114672135 -0.011967879968174357
34.65176696909542 0.013662181938080107 -0.011929908110939628
34.71459882216722 0.013662172783213335 -0.011892036965726313
34.77743067523901 0.013662163681794787 -0.011854265947917577
34.84026252831081 0.01366215463344747 -0.011816594476950782
34.9030943813826 0.013662145637789988 -0.011779021976298144
34.9659262344544 0.013662136694454471 -0.011741547873376952
35.0287580875262 0.01366212780309587 -0.011704171599617008
35.09158994059799 0.013662118963348343 -0.011666892590279768
35.15442179366979 0.0136621101748163 -0.01162971028458002
35.21725364674158 0.013662101437185688 -0.011592624125507045
35.28008549981338 0.01366209275012532 -0.011555633559884006
35.34291735288517 0.013662084113254716 -0.01151873803833364
35.40574920595697 0.013662075526230843 -0.011481937015145213
35.468581059028764 0.013662066988731859 -0.011445229948410431
35.53141291210057 0.013662058500396028 -0.011408616299821414
35.59424476517237 0.013662050060934749 -0.011372095534726807
35.65707661824416 0.013662041669983058 -0.011335667122089494
35.71990847131596 0.013662033327180956 -0.011299330534460621
35.78274032438775 0.013662025032255071 -0.011263085247912981
35.84557217745955 0.01366201678486767 -0.011226930742042559
35.908404030531344 0.013662008584693568 -0.011190866499929734
35.97123588360314 0.01366200043141435 -0.011154892008117832
36.034067736674935 0.01366199232473377 -0.011119006756542957
36.096899589746734 0.0136619842643326 -0.011083210238559491
36.159731442818526 0.013661976249875814 -0.01104750195085805
36.222563295890325 0.013661968281084633 -0.011011881393498655
36.28539514896212 0.01366196035765516 -0.010976348069798126
36.34822700203391 0.01366195247927518 -0.010940901486391236
36.41105885510571 0.013661944645668687 -0.010905541153143947
36.4738907081775 0.013661936856504618 -0.010870266583111549
36.5367225612493 0.01366192911151503 -0.010835077292583498
36.59955441432109 0.013661921410416271 -0.010799972800996281
36.66238626739289 0.013661913752906117 -0.010764952630908601
36.72521812046468 0.013661906138704768 -0.010730016307994446
36.78804997353648 0.013661898567524393 -0.010695163361024914
36.85088182660828 0.013661891039095929 -0.01066039332180705
36.91371367968007 0.013661883553123215 -0.010625705725165933
36.97654553275187 0.013661876109342538 -0.0105911001089595
37.03937738582366 0.01366186870748668 -0.010556576014006735
37.10220923889546 0.013661861347284717 -0.010522132984088262
37.165041091967254 0.013661854028453418 -0.010487770565882064
37.22787294503905 0.013661846750739243 -0.010453488309005813
37.290704798110845 0.013661839513867423 -0.01041928576591648
37.353536651182644 0.013661832317599838 -0.010385162491962446
37.416368504254436 0.013661825161651401 -0.01035111804528482
37.479200357326235 0.013661818045775922 -0.010317151986843614
37.542032210398034 0.0136618109697242 -0.01028326388038451
37.604864063469826 0.013661803933235121 -0.01024945329239364
37.667695916541625 0.013661796936058472 -0.010215719792113696
37.73052776961342 0.013661789977943971 -0.010182062951463164
37.793359622685216 0.013661783058662145 -0.010148482345093895
37.85619147575701 0.013661776177943768 -0.010114977550276927
37.91902332882881 0.013661769335574406 -0.010081548146957402
37.9818551819006 0.013661762531280559 -0.010048193717677692
38.0446870349724 0.013661755764857486 -0.010014913847596955
38.1075188880442 0.013661749036058431 -0.009981708124455518
38.17035074111599 0.013661742344631495 -0.009948576138504821
38.23318259418779 0.013661735690364751 -0.009915517482598135
38.29601444725958 0.013661729073020547 -0.00988253175203492
38.35884630033138 0.013661722492377373 -0.009849618544666785
38.42167815340317 0.013661715948198544 -0.009816777460750605
38.48451000647497 0.013661709440265441 -0.009784008103056317
38.54734185954676 0.013661702968351891 -0.009751310076746303
38.61017371261856 0.013661696532251891 -0.009718682989398368
38.67300556569036 0.01366169013172917 -0.009686126451004829
38.73583741876215 0.013661683766571418 -0.009653640073880287
38.79866927183395 0.013661677436565742 -0.0096212234727467
38.86150112490574 0.013661671141499514 -0.009588876264604796
38.92433297797754 0.013661664881164177 -0.009556598068804607
38.987164831049334 0.013661658655328967 -0.009524388506987627
39.04999668412113 0.013661652463831058 -0.0094922472030212
39.112828537192925 0.013661646306410483 -0.009460173783109573
39.175660390264724 0.013661640182896565 -0.009428167875627714
39.238492243336516 0.013661634093076015 -0.009396229111203793
39.301324096408315 0.013661628036752818 -0.009364357122648272
39.364155949480114 0.013661622013723965 -0.009332551544960538
39.426987802551906 0.013661616023776371 -0.009300812015316403
39.489819655623705 0.013661610066748892 -0.009269138173018308
39.5526515086955 0.013661604142411491 -0.009237529659517147
39.615483361767296 0.013661598250590266 -0.009205986118372646
39.67831521483909 0.01366159239108336 -0.009174507195231676
39.74114706791089 0.01366158656371256 -0.00914309253783243
39.80397892098268 0.013661580768281134 -0.009111741795954888
39.86681077405448 0.0136615750045994 -0.009080454621456874
39.92964262712628 0.013661569272501846 -0.009049230668186796
39.99247448019807 0.01366156357177566 -0.009018069592036037
40.05530633326987 0.01366155790224986 -0.008986971050884814
40.11813818634166 0.013661552263750786 -0.008955934704577572
40.18097003941346 0.01366154665609877 -0.008924960214947823
40.24380189248525 0.013661541079098762 -0.008894047245748465
40.30663374555705 0.013661535532589194 -0.008863195462702145
40.36946559862884 0.013661530016393137 -0.008832404533410793
40.43229745170064 0.01366152453034795 -0.008801674127407656
40.49512930477243 0.013661519074253187 -0.008771003916100494
40.55796115784423 0.013661513647958489 -0.00874039357276651
40.62079301091603 0.013661508251289436 -0.00870984277255498
40.68362486398782 0.013661502884077303 -0.008679351192418035
40.74645671705962 0.013661497546154705 -0.008648918511200532
40.809288570131415 0.013661492237347559 -0.008618544409490725
40.872120423203214 0.013661486957520164 -0.008588228569734176
40.934952276275006 0.013661481706477468 -0.008557970676116411
40.997784129346805 0.013661476484072368 -0.00852777041461892
41.0606159824186 0.013661471290148677 -0.008497627472980204
41.123447835490396 0.013661466124531712 -0.008467541540659993
41.186279688562195 0.013661460987086215 -0.008437512308862694
41.24911154163399 0.013661455877633087 -0.008407539470515799
41.311943394705786 0.013661450796034027 -0.008377622720232184
41.37477524777758 0.013661445742120032 -0.008347761754303441
41.43760710084938 0.013661440715766065 -0.008317956270759784
41.50043895392117 0.013661435716759773 -0.008288205969167382
41.56327080699297 0.01366143074500435 -0.008258510550867538
41.62610266006476 0.01366142580035878 -0.008228869718805406
41.68893451313656 0.013661420882648352 -0.008199283177490708
41.75176636620835 0.01366141599173162 -0.008169750633101096
41.81459821928015 0.013661411127454169 -0.008140271793409695
41.87743007235195 0.013661406289686115 -0.008110846367744666
41.94026192542374 0.01366140147828344 -0.008081474067012222
42.00309377849554 0.01366139669309199 -0.008052154603704148
42.06592563156733 0.01366139193396173 -0.008022887691850795
42.12875748463913 0.013661387200808782 -0.007993673047015221
42.19158933771092 0.013661382493425637 -0.007964510386267568
42.25442119078272 0.013661377811710916 -0.007935399428220453
42.317253043854514 0.013661373155533021 -0.007906339892972361
42.38008489692631 0.013661368524703715 -0.007877331502118345
42.44291674999811 0.013661363919148555 -0.007848373978721651
42.505748603069904 0.013661359338711558 -0.00781946704730856
42.5685804561417 0.013661354783269266 -0.007790610433882463
42.631412309213495 0.013661350252682865 -0.0077618038658530345
42.694244162285294 0.013661345746803976 -0.007733047072124441
42.757076015357086 0.013661341265531673 -0.007704339782931708
42.819907868428885 0.013661336808727175 -0.0076756817300267614
42.88273972150068 0.013661332376253738 -0.00764707264645678
42.945571574572476 0.013661327968005784 -0.00761851226675324
43.008403427644275 0.013661323583848046 -0.007590000326740875
43.07123528071607 0.01366131922362893 -0.007561536563672543
43.134067133787866 0.013661314887286422 -0.007533120716135856
43.19689898685966 0.013661310574634964 -0.007504752524050249
43.25973083993146 0.013661306285571263 -0.007476431728717001
43.32256269300325 0.013661302019994565 -0.00744815807270739
43.385394546075055 0.013661297777777325 -0.0074199312999599755
43.44822639914685 0.013661293558791672 -0.007391751155676698
43.511058252218646 0.013661289362921061 -0.007363617386387914
43.57389010529044 0.013661285190055928 -0.007335529739871901
43.63672195836224 0.013661281040064664 -0.007307487965241532
43.699553811434036 0.013661276912858174 -0.007279491812831543
43.76238566450583 0.013661272808301796 -0.00725154103420304
43.82521751757763 0.013661268726292112 -0.0072236353822577905
43.88804937064942 0.01366126466671597 -0.007195774611066491
43.95088122372122 0.0136612606294427 -0.00716795847596245
44.01371307679301 0.013661256614385418 -0.007140186733457083
44.07654492986481 0.013661252621417881 -0.007112459141299075
44.1393767829366 0.013661248650450271 -0.007084775458407569
44.2022086360084 0.013661244701355157 -0.007057135444974484
44.26504048908019 0.013661240774035216 -0.007029538862298141
44.327872342151984 0.013661236868388469 -0.007001985472854877
44.39070419522378 0.013661232984292681 -0.006974475040306186
44.453536048295575 0.013661229121653476 -0.006947007329479459
44.516367901367374 0.013661225280365237 -0.0069195821063358694
44.579199754439166 0.013661221460311592 -0.006892199137960091
44.642031607510965 0.013661217661417063 -0.006864858192589776
44.70486346058276 0.013661213883563058 -0.0068375590395763925
44.767695313654556 0.013661210126656687 -0.006810301449369475
44.83052716672635 0.013661206390596276 -0.006783085193547553
44.89335901979815 0.013661202675272134 -0.006755910044769081
44.956190872869946 0.01366119898060172 -0.006728775776785958
45.01902272594174 0.013661195306447386 -0.006701682164422754
45.08185457901354 0.013661191652784815 -0.006674628983591825
45.14468643208533 0.013661188019444695 -0.00664761601124516
45.20751828515713 0.01366118440638879 -0.006620643025425754
45.27035013822892 0.013661180813468682 -0.006593709805163956
45.33318199130072 0.01366117724062637 -0.006566816130585438
45.39601384437251 0.013661173687758118 -0.006539961782841925
45.45884569744431 0.013661170154767975 -0.006513146544071107
45.52167755051611 0.013661166641581308 -0.006486370197470169
45.5845094035879 0.0136611631480738 -0.006459632527225099
45.6473412566597 0.013661159674167186 -0.00643293331850962
45.71017310973149 0.013661156219821271 -0.006406272357522349
45.77300496280329 0.01366115278486469 -0.006379649431420012
45.83583681587508 0.013661149369269343 -0.00635306432834371
45.89866866894688 0.013661145972911288 -0.006326516837424097
45.961500522018675 0.013661142595728908 -0.0063000067487447705
46.024332375090474 0.013661139237630758 -0.006273533853323697
46.087164228162266 0.013661135898524836 -0.0062470979431512395
46.149996081234065 0.01366113257831525 -0.0062206988111846336
46.212827934305864 0.013661129276931937 -0.006194336251266178
46.275659787377656 0.013661125994291685 -0.00616801005819079
46.338491640449455 0.0136611227303036 -0.006141720027669129
46.40132349352125 0.013661119484888653 -0.006115465956337234
46.464155346593046 0.013661116257964283 -0.006089247641742373
46.52698719966484 0.013661113049420335 -0.006063064882301572
46.58981905273664 0.013661109859279883 -0.006036917477361348
46.65265090580843 0.01366110668733524 -0.006010805227125819
46.71548275888023 0.013661103533574737 -0.005984727932716956
46.77831461195203 0.013661100397902685 -0.005958685396088498
46.84114646502382 0.013661097280237745 -0.005932677420107704
46.90397831809562 0.013661094180525097 -0.005906703808446461
46.96681017116741 0.013661091098653946 -0.005880764365653511
47.02964202423921 0.013661088034573773 -0.005854858897188951
47.092473877311 0.013661084988201623 -0.0058289872092512195
47.1553057303828 0.0136610819594551 -0.0058031491089318285
47.21813758345459 0.01366107894826019 -0.005777344404165811
47.28096943652639 0.013661075954543894 -0.0057515729036481155
47.34380128959819 0.013661072978241075 -0.005725834416964493
47.40663314266998 0.01366107001926968 -0.005700128754443562
47.46946499574178 0.01366106707757913 -0.005674455727309358
47.53229684881357 0.013661064153069395 -0.005648815147467744
47.59512870188537 0.013661061245677283 -0.005623206827727083
47.657960554957164 0.01366105835533163 -0.005597630581579068
47.72079240802896 0.01366105548194771 -0.005572086223383592
47.783624261100755 0.01366105262551199 -0.005546573568233849
47.846456114172554 0.01366104978590282 -0.0055210924319929
47.909287967244346 0.013661046963060065 -0.005495642631344383
47.972119820316145 0.013661044156933772 -0.005470223983609645
48.034951673387944 0.013661041367429412 -0.005444836306949752
48.097783526459736 0.013661038594503397 -0.005419479420277807
48.160615379531535 0.013661035838075222 -0.005394153143187007
48.22344723260333 0.013661033098086289 -0.005368857296063366
48.286279085675126 0.013661030374468208 -0.005343591700020941
48.34911093874692 0.013661027667166696 -0.005318356176841519
48.41194279181872 0.013661024976112957 -0.005293150549078396
48.47477464489051 0.013661022301220193 -0.005267974639992807
48.53760649796231 0.01366101964244771 -0.005242828273519308
48.60043835103411 0.013661016999721696 -0.005217711274324812
48.6632702041059 0.013661014373011784 -0.005192623467768814
48.7261020571777 0.013661011762219982 -0.005167564679912037
48.78893391024949 0.013661009167290065 -0.005142534737478831
48.85176576332129 0.013661006588184334 -0.0051175334678992546
48.91459761639308 0.0136610040248083 -0.005092560699216999
48.97742946946488 0.013661001477130709 -0.00506761626028547
49.04026132253667 0.013660998945072349 -0.005042699980443982
49.10309317560847 0.013660996428590547 -0.005017811689839035
49.16592502868026 0.013660993927612858 -0.0049929512192281875
49.22875688175206 0.013660991442099271 -0.00496811839996048
49.29158873482386 0.013660988971990846 -0.0049433130641074
49.35442058789565 0.01366098651718969 -0.004918535044379939
49.41725244096745 0.01366098407768604 -0.004893784174065869
49.480084294039244 0.013660981653404953 -0.00486906028712264
49.54291614711104 0.013660979244307559 -0.004844363218138459
49.605748000182835 0.013660976850316567 -0.004819692802335282
49.668579853254634 0.013660974471396223 -0.004795048875510357
49.731411706326426 0.013660972107467244 -0.004770431274096503
49.794243559398225 0.013660969758501649 -0.004745839835147788
49.857075412470024 0.013660967424439781 -0.004721274396316874
49.919907265541816 0.013660965105215177 -0.004696734795799309
49.982739118613615 0.013660962800780045 -0.004672220872465309
50.04557097168541 0.013660960511111347 -0.004647732465764525
50.108402824757206 0.01366095823611602 -0.004623269415654401
50.171234677829 0.013660955975770368 -0.0045988315627642756
50.2340665309008 0.013660953729996327 -0.004574418748239045
50.29689838397259 0.013660951498784116 -0.0045500308138213775
50.35973023704439 0.01366094928205163 -0.004525667601827685
50.42256209011619 0.013660947079774917 -0.004501328955106609
50.48539394318798 0.013660944891867855 -0.004477014717124663
50.54822579625978 0.013660942718322286 -0.004452724731824818
50.61105764933157 0.01366094055905399 -0.004428458843738546
50.67388950240337 0.013660938414047129 -0.004404216897958327
50.73672135547516 0.01366093628326249 -0.0043799987400892325
50.79955320854696 0.013660934166574584 -0.0043558042163224725
50.86238506161875 0.013660932064026993 -0.004331633173294944
50.92521691469055 0.013660929975545875 -0.004307485458241416
50.98804876776234 0.013660927901070749 -0.004283360918891798
51.05088062083414 0.013660925840575083 -0.004259259403537673
51.11371247390594 0.01366092379399271 -0.004235180760937647
51.176544326977734 0.013660921761303076 -0.004211124840371996
51.23937618004954 0.013660919742451809 -0.004187091491659356
51.30220803312133 0.013660917737401575 -0.004163080565079831
51.36503988619313 0.013660915746081345 -0.004139091911471526
51.42787173926492 0.013660913768486754 -0.004115125382105374
51.49070359233672 0.01366091180454906 -0.004091180828787684
51.553535445408514 0.013660909854245708 -0.004067258103797041
51.61636729848031 0.013660907917506397 -0.004043357059917275
51.67919915155211 0.013660905994318892 -0.004019477550336589
51.742031004623904 0.013660904084642891 -0.003995619428847793
51.8048628576957 0.013660902188403304 -0.003971782549621661
51.867694710767495 0.013660900305600313 -0.003947966767324273
51.930526563839294 0.013660898436195695 -0.003924171937125159
51.993358416911086 0.01366089658008885 -0.0039003979145422123
52.056190269982885 0.013660894737324951 -0.0038766445557097814
52.11902212305468 0.013660892907819768 -0.0038529117171089947
52.181853976126476 0.013660891091519063 -0.0038291992556911884
52.24468582919827 0.01366088928842419 -0.00380550702889082
52.30751768227007 0.013660887498478557 -0.0037818348945256788
52.37034953534186 0.013660885721629663 -0.003758182710927111
52.43318138841365 0.013660883957886841 -0.0037345503368065493
52.49601324148545 0.013660882207191426 -0.0037109376313450796
52.55884509455724 0.01366088046947148 -0.0036873444541063
52.62167694762904 0.013660878744747414 -0.003663770665145469
52.68450880070083 0.013660877032936888 -0.0036402161248780826
52.74734065377263 0.013660875334041296 -0.0036166806942101518
52.810172506844424 0.013660873648027913 -0.0035931642343674727
52.87300435991622 0.0136608719748347 -0.0035696666071040354
52.93583621298802 0.013660870314443348 -0.003546187674497161
52.998668066059814 0.013660868666816949 -0.0035227272990212993
53.06149991913161 0.013660867031926463 -0.0034992853436340765
53.124331772203405 0.013660865409740132 -0.0034758616716421224
53.187163625275204 0.01366086380022843 -0.00345245614672832
53.249995478346996 0.013660862203357056 -0.003429068633031563
53.312827331418795 0.013660860619083358 -0.0034056989950187492
53.37565918449059 0.013660859047404127 -0.0033823470975547377
53.438491037562386 0.01366085748825437 -0.0033590128059605585
53.50132289063418 0.013660855941627748 -0.003335695985815539
53.56415474370598 0.013660854407489329 -0.0033123965031803286
53.626986596777776 0.013660852885818415 -0.0032891142244244652
53.68981844984957 0.0136608513765672 -0.0032658490163245055
53.75265030292137 0.013660849879714996 -0.0032426007460327256
53.81548215599316 0.01366084839524622 -0.0032193692810116702
53.87831400906496 0.013660846923114638 -0.0031961544891623587
53.94114586213675 0.01366084546329711 -0.0031729562386669675
54.00397771520855 0.013660844015775109 -0.0031497743981334985
54.06680956828034 0.013660842580513812 -0.0031266088364783878
54.12964142135214 0.013660841157510237 -0.003103459422976806
54.19247327442394 0.01366083974669913 -0.0030803260272651346
54.25530512749573 0.013660838348088363 -0.003057208519300884
54.31813698056753 0.013660836961633713 -0.0030341067694436164
54.38096883363932 0.013660835587314468 -0.0030110206482978318
54.44380068671112 0.013660834225112939 -0.0029879500268746957
54.50663253978291 0.01366083287501197 -0.0029648947765083004
54.56946439285471 0.013660831536967188 -0.002941854768821618
54.632296245926504 0.013660830210972525 -0.002918829875831381
54.6951280989983 0.013660828896989705 -0.0028958199698340733
54.7579599520701 0.013660827594994453 -0.002872824923453983
54.820791805141894 0.013660826304999844 -0.0028498446096533185
54.88362365821369 0.013660825026965365 -0.0028268789016904538
54.946455511285485 0.013660823760833819 -0.0028039276731635443
55.009287364357284 0.013660822506663678 -0.002780990797951433
55.072119217429076 0.013660821264368636 -0.002758068150260853
55.134951070500875 0.01366082003394079 -0.0027351596046384834
55.19778292357267 0.01366081881538577 -0.0027122650358908204
55.260614776644466 0.013660817608651598 -0.00268938431912833
55.32344662971626 0.013660816413749954 -0.0026665173297846668
55.38627848278806 0.013660815230656091 -0.0026436639435908882
55.44911033585986 0.013660814059346561 -0.002620824036546713
55.51194218893165 0.013660812899800878 -0.0025979974849826937
55.57477404200345 0.013660811752002518 -0.0025751841654936217
55.63760589507524 0.01366081061593374 -0.0025523839549671957
55.70043774814704 0.01366080949159372 -0.0025295967306310854
55.76326960121883 0.013660808378965852 -0.0025068223698944364
55.82610145429063 0.013660807278003713 -0.002484060750540449
55.88893330736242 0.013660806188767336 -0.002461311750600291
55.95176516043422 0.013660805111184221 -0.0024385752483691526
56.01459701350602 0.013660804045228816 -0.0024158511224811638
56.07742886657781 0.013660802990922837 -0.0023931392517541543
56.14026071964961 0.013660801948246476 -0.0023704395153653396
56.2030925727214 0.013660800917190883 -0.0023477517926931385
56.2659244257932 0.013660799897736239 -0.0023250759634687616
56.328756278864994 0.013660798889883276 -0.0023024119076288443
56.39158813193679 0.01366079789361638 -0.0022797595053875726
56.454419985008585 0.013660796908903311 -0.002257118637233207
56.517251838080384 0.013660795935797764 -0.002234489183948275
56.580083691152176 0.013660794974235321 -0.002211871026538797
56.642915544223975 0.013660794024219063 -0.0021892640462974045
56.705747397295774 0.013660793085754675 -0.0021666681247767905
56.768579250367566 0.013660792158844127 -0.00214408314378582
56.831411103439365 0.013660791243480805 -0.0021215089853984584
56.89424295651116 0.013660790339622472 -0.002098945531921501
56.957074809582956 0.013660789447319414 -0.0020763926659855005
57.01990666265475 0.013660788566536936 -0.0020538502704295658
57.08273851572655 0.013660787697276506 -0.002031318228339134
57.14557036879834 0.013660786839543738 -0.002008796423122232
57.20840222187014 0.013660785993338202 -0.001986284738411104
57.27123407494194 0.013660785158652154 -0.00196378305805635
57.33406592801373 0.01366078433548661 -0.0019412912662135967
57.39689778108553 0.013660783523870804 -0.0019188092473370246
57.45972963415732 0.01366078272376333 -0.001896336886060751
57.52256148722912 0.013660781935204015 -0.0018738740673210448
57.58539334030091 0.013660781158175995 -0.001851420676348101
57.64822519337271 0.01366078039269365 -0.001828976598553916
57.7110570464445 0.013660779638764976 -0.0018065417197106943
57.7738888995163 0.01366077889641474 -0.0017841159258051862
57.83672075258809 0.013660778165619055 -0.0017616991030975013
57.89955260565989 0.013660777446412111 -0.0017392911381647568
57.96238445873169 0.01366077673879966 -0.0017168919177988282
58.02521631180348 0.013660776042788373 -0.0016945013291231206
58.08804816487528 0.013660775358400124 -0.0016721192595519666
58.150880017947074 0.013660774685648228 -0.001649745596709809
58.21371187101887 0.013660774024550529 -0.001627380228613641
58.276543724090665 0.013660773375143802 -0.001605023043544201
58.339375577162464 0.013660772737394914 -0.0015826739300772584
58.402207430234256 0.0136607721113735 -0.0015603327771029855
58.465039283306055 0.013660771497106258 -0.0015379994738551712
58.527871136377854 0.013660770894599904 -0.0015156739098642399
58.590702989449646 0.01366077030387005 -0.0014933559750358763
58.653534842521445 0.01366076972498257 -0.0014710455596069966
58.71636669559324 0.01366076915792909 -0.0014487425541502117
58.779198548665036 0.013660768602763874 -0.0014264468496724223
58.84203040173683 0.013660768059524615 -0.0014041583374954322
58.90486225480863 0.013660767528260578 -0.0013818769093904217
58.96769410788042 0.013660767008979918 -0.0013596024575292126
59.03052596095222 0.013660766501761262 -0.0013373348745270674
59.093357814024024 0.013660766006640897 -0.0013150740534286966
59.156189667095816 0.01366076552366511 -0.0012928198877794408
59.219021520167615 0.013660765052847534 -0.001270572271605866
59.28185337323941 0.013660764594313757 -0.0012483310994734092
59.344685226311206 0.013660764148076035 -0.00122609626650699
59.407517079383 0.013660763714224845 -0.0012038676683944296
59.4703489324548 0.013660763292810112 -0.0011816452014679112
59.53318078552659 0.01366076288392551 -0.0011594287627161397
59.59601263859839 0.01366076248762936 -0.001137218249790778
59.65884449167018 0.013660762104004973 -0.0011150135611553862
59.72167634474198 0.013660761733169728 -0.0010928145960260914
59.78450819781378 0.013660761375150238 -0.001070621254469853
59.84734005088557 0.013660761030105308 -0.0010484334375167829
59.91017190395737 0.013660760698134891 -0.0010262510471476406
59.97300375702916 0.013660760379330728 -0.0010040739864441172
60.03583561010096 0.013660760073819878 -0.0009819021596432398
60.09866746317275 0.013660759781706921 -0.0009597354720991067
60.16149931624455 0.013660759503198228 -0.0009375738307981537
60.22433116931634 0.013660759238350799 -0.0009154171439415677
60.28716302238814 0.013660758987374675 -0.0008932653214899548
60.349994875459934 0.01366075875043123 -0.0008711182751425248
60.412826728531726 0.013660758527680936 -0.000848975918486054
60.475658581603525 0.013660758319326834 -0.0008268381673128633
60.53849043467532 0.013660758125559013 -0.0008047049396329254
60.60132228774712 0.013660757946588923 -0.0007825761561773288
60.66415414081891 0.013660757782703002 -0.0007604517404400854
60.72698599389071 0.013660757634071891 -0.0007383316190545009
60.7898178469625 0.01366075750100813 -0.0007162157222773836
60.8526497000343 0.013660757383767912 -0.000694103984132533
60.91548155310609 0.01366075728270133 -0.0006719963431185238
60.97831340617789 0.013660757198078993 -0.0006498927426184035
61.04114525924969 0.013660757130261419 -0.00062779313140072
61.10397711232148 0.013660757079663334 -0.0006056974645014758
61.16680896539328 0.013660757046628731 -0.0005836057038596102
61.22964081846507 0.013660757031588545 -0.0005615178192542313
61.29247267153687 0.013660757035000462 -0.0005394337894265791
61.35530452460866 0.013660757057314904 -0.0005173536031673443
61.41813637768046 0.013660757099040539 -0.0004952772608222023
61.480968230752254 0.013660757160696865 -0.0004732047758763228
61.54380008382405 0.013660757242766785 -0.0004511361768564172
61.60663193689585 0.013660757345820411 -0.0004290715095558584
61.669463789967644 0.013660757470380354 -0.0004070108396958742
61.73229564303944 0.01366075761693632 -0.00038495425574616043
61.795127496111235 0.013660757785955421 -0.00036290187266129945
61.857959349183034 0.013660757977788002 -0.0003408538358856949
61.920791202254826 0.013660758192689828 -0.00031881032604762737
61.983623055326625 0.013660758430609939 -0.0002967715645077743
62.04645490839842 0.013660758691298932 -0.00027473781971725994
62.109286761470216 0.01366075897396223 -0.00025270941407264303
62.17211861454201 0.013660759277186782 -0.0002306867318938378
62.23495046761381 0.013660759598618784 -0.00020867022759109603
62.297782320685606 0.013660759934625299 -0.00018666043394461346
62.3606141737574 0.013660760279818697 -0.0001646579694285225
62.4234460268292 0.013660760626462945 -0.00014266354275312468
62.48627787990099 0.013660760963754738 -0.00012067795223655718
62.54910973297279 0.013660761277070829 -9.870207511789746e-05
62.61194158604458 0.01366076154737631 -7.673684126324756e-05
62.67477343911638 0.013660761751158173 -5.478318332748723e-05
62.73760529218817 0.01366076186157681 -3.2841956577644786e-05
62.80043714525997 0.013660761851446001 -1.0913826558425945e-05
